20 0.43809659923322164 0.8340183924725064 0.0820042121001266 0.0709488251355733
17 0.5056669974982871 0.8186474016458887 0.031923030331737594 0.06118293969514958
16 0.43080270777021906 0.7364257749860638 0.04363211907687078 0.07064884328594587
15 0.4919439314612465 0.7250110311343838 0.03781816558849869 0.07060339149054773
14 0.42740945506493333 0.6583325912428425 0.04252344955812236 0.07688975292686635
13 0.4943308065075041 0.6507786455957645 0.03670949606975014 0.07684430113146803
12 0.42757222592632826 0.5723996364223822 0.04603888224060848 0.0800420240041051
0 0.4961701119417532 0.5726445552366848 0.042401676905538796 0.06282725292686635
4 0.43004704788834053 0.48801100088376276 0.04603888224060848 0.0800420240041051
5 0.4951159709265477 0.4929706907753042 0.03781816558849869 0.07060339149054773
6 0.4307709186564755 0.4044172508837628 0.04713402146462547 0.0722386143631848
7 0.49580601595785395 0.4132831907753042 0.03899448658090454 0.07217498184962742
8 0.4343679404319677 0.32470702498606374 0.04133359827098481 0.07375566256778665
9 0.4982199515935746 0.33592580523668475 0.03662831430136114 0.0674693011314682
18 0.49648929584179435 0.3343769407753042 0.028367006765056907 0.053343168617910844
10 0.43733621082706253 0.25047009426790445 0.037791104999035555 0.06747839149054773
11 0.4970846288099801 0.2656269407753042 0.03777757470430412 0.06591589149054773
1 0.4419810157950115 0.18403202801112584 0.03535728124583485 0.05496021077238851
2 0.5005463476381574 0.20154171487760514 0.0365336022382407 0.056531801131468204
3 0.4436714879872141 0.12308543765204623 0.034180960253428996 0.0533886204133089
21 0.4716440795819725 0.4509695431364363 0.16113298861631725 0.8840124273985095
19 0.5947625539650608 0.8015457391762977 0.08752131375363986 0.17098518657189174