20 0.4477912180652963 0.8449923966569092 0.08232899184499769 0.0725113251355733
17 0.5143239951718112 0.8259792971244474 0.033370003019917056 0.06275453005422911
16 0.43685045243507964 0.7472406978865733 0.0450993929322905 0.0706579336450254
15 0.4975083862918448 0.7328696465587133 0.039305736031044196 0.07217498184962742
14 0.43087838931176187 0.6698424057320955 0.044017788583119395 0.07689884328594587
13 0.49730968348264754 0.6586418061996338 0.0382241316818731 0.07841589149054773
12 0.42850632951065953 0.5838776346548566 0.04756705043752004 0.08161361436318479
0 0.4965803267924276 0.5805031706610142 0.04267232860131254 0.06282725292686635
4 0.42785815916894293 0.49948899911623723 0.04756705043752004 0.08161361436318479
5 0.4929642899451474 0.5007793092246958 0.039305736031044196 0.07217498184962742
6 0.42545565448715184 0.4158679780389984 0.048608061612439545 0.07224770472226431
7 0.4905110437955418 0.421064538147457 0.04048882331584441 0.07374657220870695
8 0.42590938508173215 0.33617593285945857 0.04283470129831918 0.07532725292686626
9 0.4903529341605961 0.34371169778837735 0.03810235215911805 0.06904089149054773
18 0.4886290447012104 0.3421355622497579 0.028617357293590266 0.05490566861791084
10 0.42687347297020933 0.26195718285945857 0.03808205557199239 0.06747839149054773
11 0.48719651313939827 0.2733673815315987 0.03924484626966681 0.06748748184962743
1 0.4288988686207316 0.1955600232185382 0.03675689217731106 0.05496930113146816
2 0.48802867321155735 0.20930488153159868 0.037960276049237344 0.058103391490547815
3 0.4285276448209648 0.13461343285945854 0.03441101419483656 0.0533886204133089
21 0.467900457568019 0.4607355713249442 0.17662444397011554 0.8872283309893056
19 0.6030005370019543 0.8032326644144984 0.09060471760709746 0.1725658672900508