21 0.48604651162790696 0.45 0.14069767441860465 0.88515625
20 0.461046511627907 0.84765625 0.07732558139534884 0.06171875
17 0.5302325581395348 0.83125 0.03313953488372093 0.06796875
16 0.45 0.7484375 0.03953488372093023 0.06953125
15 0.5151162790697674 0.7375 0.03604651162790698 0.06796875
14 0.4494186046511628 0.66640625 0.04302325581395349 0.07734375
13 0.5151162790697674 0.6609375 0.03604651162790698 0.07734375
12 0.4476744186046512 0.58046875 0.040697674418604654 0.078125
0 0.5145348837209303 0.57578125 0.03953488372093023 0.0765625
18 0.513953488372093 0.57890625 0.030232558139534883 0.0578125
4 0.44709302325581396 0.49453125 0.03953488372093023 0.07421875
18 0.44709302325581396 0.49375 0.03197674418604651 0.05859375
5 0.5133720930232558 0.49765625 0.037209302325581395 0.07109375
6 0.44709302325581396 0.4109375 0.0436046511627907 0.08359375
7 0.513953488372093 0.41484375 0.035465116279069765 0.06796875
18 0.5127906976744186 0.41484375 0.02616279069767442 0.053125
19 0.6052325581395349 0.4328125 0.09244186046511628 0.1578125
8 0.44825581395348835 0.32421875 0.03837209302325582 0.06171875
9 0.5133720930232558 0.3375 0.035465116279069765 0.06015625
10 0.4511627906976744 0.2484375 0.035465116279069765 0.06171875
11 0.5110465116279069 0.2625 0.03313953488372093 0.05390625
1 0.4511627906976744 0.18203125 0.035465116279069765 0.0546875
2 0.513953488372093 0.20078125 0.03372093023255814 0.0546875
3 0.4558139534883721 0.12421875 0.040697674418604654 0.0578125