21 0.48857620347157577 0.4652198369090631 0.1561748199563181 0.8938266544446529
20 0.4600619346017881 0.8611492795383686 0.07818433839796414 0.06649912860909737
17 0.5297651097375974 0.8484875850092021 0.03401858664149078 0.0698046601442364
16 0.44974525889492634 0.7608401550133339 0.041002095745922056 0.0715853656913195
15 0.515402343803222 0.7535199239150353 0.03750695873451404 0.06991376291777769
14 0.4499714960285599 0.6788270888089241 0.04452429243086951 0.07950696846486113
13 0.5156522581512024 0.6769756077106256 0.037547548244822995 0.07928876291777787
12 0.4490180301685569 0.5928714050133339 0.042205475953905565 0.08099673328249998
0 0.5158649654480663 0.5918375415062158 0.04103592033784612 0.07939786569131932
18 0.5152970999359988 0.5949443577106256 0.03164565081744809 0.05879442496187508
4 0.4492273550062284 0.5069520888089241 0.0410223905010766 0.0762728656913195
18 0.4492239725470359 0.5061708388089241 0.03281520643350727 0.06039329255305557
5 0.5155267195288247 0.5137125415062158 0.038683279268957975 0.07307513050895835
6 0.45002822257031433 0.4233947064001047 0.04455135210440882 0.08575696846486114
7 0.5169123649009403 0.4309545928929867 0.03634416803683962 0.0698773953265972
18 0.5157495742032658 0.4309182253018061 0.02697419327159587 0.05396145459715278
19 0.6076979832585477 0.45410376500507016 0.09487606818688063 0.16232077488562507
8 0.451978350995305 0.3367486915824658 0.039805480456323566 0.06373649810013893
9 0.5171588967897283 0.353629026688577 0.03631034344491542 0.06206489532659729
10 0.4557234023546935 0.2618759781515977 0.036317108363300314 0.0636273953265972
11 0.5150899946607448 0.2785744753018061 0.03395770237602728 0.05574216014423614
1 0.45601728867217534 0.195487911947188 0.036290048689761004 0.05737739532659729
2 0.5188925478264044 0.21698301187093808 0.03512725799208659 0.057341027735416716
3 0.4609995448314715 0.13783906610750052 0.04211753201490262 0.060684233282500034