21 0.4788334018530229 0.4423911119112313 0.20241941301839853 0.8810521947008165
20 0.44188890874583925 0.8303638265834129 0.08023353035963827 0.06842383068109008
17 0.5055722406889659 0.8114041939051863 0.0382918724816538 0.06308180267345413
16 0.4284370812910332 0.7345064339195038 0.04207795136759704 0.08032384667409058
15 0.4926206158212915 0.7202252105745043 0.04075277514651168 0.07093066534054522
14 0.42751884109857835 0.6532927965865947 0.044403532762945876 0.08036020934118149
13 0.4922025782159686 0.6436899825748224 0.04088809641602073 0.07874316534054522
12 0.4243020837646766 0.5705530219207764 0.04318661355746768 0.07721702800763594
0 0.4901080151988885 0.5632757765754588 0.039644112956640915 0.07403748400699968
4 0.4251686259995862 0.48696836258754905 0.04310542079576228 0.07252952800763594
5 0.4880269843087594 0.4820803205760951 0.04191556584418597 0.07094884667409058
6 0.426008103980594 0.4049462032543218 0.04315954930356592 0.07565452800763595
7 0.489366664876899 0.40473657057609513 0.04186143733638246 0.06782384667409058
8 0.4268205177077 0.32448654392109455 0.04424114723953494 0.0709852093411815
9 0.48940823347785506 0.3352235019096405 0.04307835654186052 0.07096702800763603
18 0.4888809666368215 0.33210759257641326 0.027637306425271332 0.051980670671545236
10 0.42985025581454767 0.25024052192077634 0.039481727433229974 0.06466248400699967
18 0.4263212873406717 0.2526388159214127 0.024040677316640783 0.04567612667090888
19 0.5041209792893538 0.19050134790741335 0.10540993412005172 0.11255563868554459
1 0.4298241637807493 0.18463370325432182 0.037047889022273975 0.05837612133990881
3 0.4320424603805942 0.12367802192077637 0.038183615466046504 0.056831802673454224