21 0.43197674418604654 0.5093508697200513 0.1755813953488372 0.9431808043815012
20 0.39244186046511625 0.9302985693957397 0.07790697674418605 0.0690148271096728
17 0.45930232558139533 0.9123355478853842 0.03837209302325582 0.07121252678536152
16 0.3808139534883721 0.8323695840062364 0.046511627906976744 0.08390344155801373
15 0.44534883720930235 0.8190395154179801 0.04534883720930233 0.07762616801906326
14 0.3808139534883721 0.7503383340062364 0.04186046511627907 0.08066934740221221
13 0.44825581395348835 0.744107699265356 0.03953488372093023 0.07436480032431163
12 0.3825581395348837 0.6605354943146619 0.04534883720930233 0.08231366801906326
0 0.44883720930232557 0.6667775860348313 0.04302325581395349 0.07600912094116268
4 0.3866279069767442 0.573912201700988 0.047674418604651166 0.08236821509696383
5 0.45 0.5816486095737815 0.046511627906976744 0.08077844155801372
6 0.38895348837209304 0.48802924877888876 0.044186046511627906 0.09009889448011296
7 0.4552325581395349 0.4942713404990581 0.040697674418604654 0.07282957386326191
8 0.39476744186046514 0.40222811647364043 0.04186046511627907 0.07598184740221221
9 0.45930232558139533 0.4209292978853843 0.044186046511627906 0.06978639448011296
10 0.4 0.32344459739891696 0.044186046511627906 0.07447389448011296
11 0.4633720930232558 0.34758725527171047 0.04186046511627907 0.06973184740221221
1 0.4069767441860465 0.252514488632619 0.040697674418604654 0.06501707386326191
2 0.46686046511627904 0.2781378258885615 0.04186046511627907 0.0666068474022122
3 0.41337209302325584 0.19172699309684588 0.03837209302325582 0.06496252678536121
18 0.39476744186046514 0.4030093664736404 0.031395348837209305 0.06323638555165907
18 0.45930232558139533 0.4217105478853843 0.031395348837209305 0.05854888555165925