21 0.49109926206088583 0.45302761045435974 0.17166575636904458 0.8919067406302261
20 0.459645470845087 0.8488486496819714 0.07963803982058319 0.0662431444174139
17 0.528723274998863 0.8368895260472085 0.03547905389841828 0.0690227107723885
16 0.450065366897079 0.7495617219888742 0.042482858673927794 0.07220225292686636
15 0.515113994493189 0.7422582820973328 0.03781816558849869 0.07060339149054773
14 0.45109921247018714 0.6675441075274936 0.04603888224060848 0.0800420240041051
13 0.5167765914466946 0.665713962815492 0.03906213805456197 0.07998748184962742
12 0.450355046259955 0.5816066075274936 0.043713300845259644 0.08002384328594588
0 0.5177833764303399 0.5805713483541114 0.04253697985285366 0.07845225292686635
18 0.5166476463221285 0.5836872579950318 0.03190950003700616 0.05962043969514959
4 0.4513550660962345 0.49568274306611304 0.04252344955812236 0.07688975292686635
18 0.45134830094886874 0.49490149306611303 0.03423508143235487 0.05963862041330899
5 0.5176882570426024 0.5024508935336512 0.04017080757331039 0.07374657220870695
6 0.4529567767234484 0.41210717378427225 0.046093003419534484 0.0862920240041051
7 0.5198781281660192 0.4196611194313503 0.03781816558849869 0.07060339149054773
18 0.5187153374683448 0.41965202907227067 0.028380537059788342 0.05490566861791084
19 0.6107652267108648 0.4422451674395605 0.09791877855905219 0.16325449980360815
8 0.4556942174588738 0.3254156948615111 0.04008962580492152 0.06437157220870696
9 0.5203711692744847 0.3423264597904299 0.03775051411484112 0.06279089149054773
10 0.459689160955094 0.24967080629782953 0.037764044409572685 0.06435339149054772
11 0.519721715127373 0.2673264597904299 0.03535728124583485 0.05496021077238851
1 0.4608583094755171 0.183278191836449 0.037696392935915125 0.05654089149054773
2 0.5232570359273395 0.20563952604720853 0.03537081154056629 0.056522710772388504
3 0.4667598025550269 0.1262969388113869 0.042374616316075926 0.05970225292686626