21 0.48019094624210373 0.44698147990471976 0.21028448444129616 0.8828044514026147
20 0.44956584899249663 0.8354627178044713 0.07996281727539713 0.0693681444174139
17 0.5131916493548254 0.8154360432346323 0.03918395650828915 0.06279998184962743
16 0.4351164146821308 0.7394916876520462 0.0428955910596967 0.08001475292686636
15 0.4986813252830821 0.7241525130822071 0.04161102083926724 0.07063066256778665
14 0.4321020697708138 0.6582735039088249 0.04522117245504541 0.0800329336450254
13 0.4973502766568991 0.6476081938003663 0.04173280036202229 0.08000566256778666
12 0.4273638354001109 0.575506455704223 0.044017788583119395 0.07689884328594587
0 0.4931629927543447 0.5671803504162245 0.04048882331584441 0.07374657220870695
4 0.42728691211366865 0.4919217960633026 0.04395689882174187 0.07221134328594588
5 0.49014864784302764 0.4859621666730032 0.042794108124067455 0.07220225292686636
6 0.42660829689126334 0.409904181601922 0.044017788583119395 0.07689884328594587
7 0.489990538208082 0.4086275070320829 0.042753514949815725 0.06907725292686617
8 0.42590938508173215 0.32944906714054145 0.04511968951941629 0.07222043364502548
9 0.48914955028867 0.33910989257070223 0.043936602234616075 0.07064884328594587
18 0.4886087481140845 0.3359894377502421 0.02859706070646447 0.053343168617910844
10 0.42745486831904655 0.2552257719610016 0.03920425309541495 0.06436248184962742
18 0.4239360513453345 0.2575967930382405 0.02502750226493776 0.04706589754067192
19 0.5014921008768795 0.1944968293389857 0.10611251706375771 0.11331813231716562
1 0.42656313893181996 0.18961440749962105 0.03679748535156292 0.058094301131468115
3 0.42735470582972745 0.12867690749962107 0.03793997946211141 0.05654089149054777