21 0.4406508375615765 0.4872706898764231 0.1790292500155045 0.9425914627652778
20 0.4136693926606207 0.9109997838162496 0.07904367540806197 0.06806162860909737
17 0.48016449034922537 0.8878148973233675 0.038427193751162846 0.07147626291777769
16 0.39918717911733903 0.8137435773192359 0.04678324266609823 0.08423083605604162
15 0.4634378881723002 0.7953189260087148 0.04548513069891476 0.07638196846486114
14 0.3966035150898196 0.7317486949104162 0.04205088711369515 0.0793978656913195
13 0.463882990031525 0.720264374621944 0.040779839400413444 0.07311149810013902
12 0.3956287158393027 0.641886761114826 0.045566323460620166 0.08106946846486114
0 0.46254330946338545 0.6429206246219439 0.04432234000124034 0.07634560087368066
4 0.3976150218407756 0.5550589083412844 0.047891904855969 0.08114220364722229
5 0.4610683076257368 0.5577643746219441 0.04672911415829471 0.08110583605604163
6 0.39728927857385044 0.46908504075010365 0.0445388540324548 0.08884560087368065
7 0.4636224768490959 0.47013708805281196 0.041915565844186105 0.0715853656913195
8 0.4004654395268995 0.3837833203853815 0.04313248504966417 0.07474673328250007
9 0.4652574336598969 0.3966086690748606 0.04421408298563318 0.07009560087368065
10 0.4031549300197676 0.30396853381624955 0.04429527574733859 0.07478310087368065
11 0.46690592259764885 0.3238615000969092 0.041888501590284344 0.0700228656913195
1 0.4077374599556074 0.23269294586034678 0.04178024457467705 0.0637728656913195
2 0.4680136125674162 0.2534762649145481 0.041834373082480565 0.0668978656913195
3 0.41248237541485794 0.17079235790444397 0.0382918724816538 0.06366376291777782
18 0.4004789716538504 0.3845645703853815 0.032450854739379816 0.06191942496187499
18 0.46527096578684773 0.39738991907486054 0.03236966197767441 0.05723192496187508