20 0.43084239711793226 0.8375 0.08261324026279075 0.0703125
17 0.4985413679951158 0.82265625 0.032450854739379816 0.0609375
16 0.42439437810307445 0.73984375 0.04424114723953494 0.0703125
15 0.48563033950829415 0.72890625 0.038427193751162846 0.0703125
14 0.4216778233563045 0.66171875 0.04318661355746768 0.0765625
13 0.4886600776151417 0.6546875 0.037372660069095585 0.0765625
12 0.42258496197206685 0.57578125 0.04672911415829471 0.0796875
0 0.4911760810079066 0.5765625 0.04294303527235147 0.0625
4 0.4257906177292761 0.49140625 0.04672911415829471 0.0796875
5 0.4908121719103873 0.496875 0.038427193751162846 0.0703125
6 0.42723855531302296 0.4078125 0.047756583586459955 0.071875
7 0.4921924488593796 0.4171875 0.03961704870273902 0.071875
8 0.43152580900620136 0.328125 0.04196969435198975 0.0734375
9 0.4952763154740308 0.33984375 0.037210274545684784 0.0671875
18 0.4935591936814209 0.33828125 0.02882716137684764 0.053125
10 0.43513694246188617 0.25390625 0.0383730652433592 0.0671875
11 0.4947500208531006 0.26953125 0.03834600098945731 0.065625
1 0.4403569406945735 0.1875 0.035830969816795774 0.0546875
2 0.49876663200726085 0.20546875 0.03702082476837208 0.05625
3 0.44257523729441856 0.1265625 0.03464111486521973 0.053125
21 0.46770569746341056 0.4546875 0.16877967554754578 0.8828125
19 0.5877790310331779 0.80625 0.0889965153032042 0.1703125