21 0.43197674418604654 0.50390625 0.13895348837209304 0.93125
20 0.4087209302325581 0.928125 0.07616279069767441 0.06171875
17 0.475 0.90390625 0.035465116279069765 0.06796875
16 0.3936046511627907 0.83125 0.0436046511627907 0.08046875
15 0.4575581395348837 0.81171875 0.04244186046511628 0.0734375
14 0.3901162790697674 0.74921875 0.038953488372093024 0.0765625
13 0.4575581395348837 0.73671875 0.037209302325581395 0.0703125
12 0.3883720930232558 0.659375 0.04186046511627907 0.078125
0 0.4552325581395349 0.659375 0.040697674418604654 0.07265625
4 0.38953488372093026 0.57265625 0.044186046511627906 0.078125
5 0.45290697674418606 0.57421875 0.0436046511627907 0.07734375
6 0.3883720930232558 0.48671875 0.04127906976744186 0.0859375
7 0.45465116279069767 0.48671875 0.03837209302325582 0.06875
8 0.39069767441860465 0.40078125 0.03953488372093023 0.071875
9 0.4558139534883721 0.41328125 0.04127906976744186 0.06640625
10 0.3930232558139535 0.32109375 0.04127906976744186 0.07109375
11 0.4569767441860465 0.33984375 0.038953488372093024 0.06640625
1 0.39709302325581397 0.25 0.038953488372093024 0.0609375
2 0.4575581395348837 0.26953125 0.038953488372093024 0.06328125
3 0.4011627906976744 0.18828125 0.03604651162790698 0.0609375
18 0.39069767441860465 0.4015625 0.029651162790697676 0.06015625
18 0.4558139534883721 0.4140625 0.029651162790697676 0.05546875