0 0.694052 0.917149 0.138020 0.033604
1 0.857822 0.904403 0.045320 0.028969
2 0.670362 0.840672 0.057680 0.028969
3 0.825892 0.830823 0.043260 0.030127
4 0.668302 0.780417 0.053560 0.028969
5 0.823832 0.774044 0.047380 0.034762
6 0.667272 0.720742 0.051500 0.034762
7 0.819712 0.716686 0.047380 0.031286
8 0.659032 0.661066 0.051500 0.031286
9 0.813532 0.657010 0.051500 0.032445
10 0.654912 0.602549 0.059740 0.032445
11 0.806322 0.599652 0.057680 0.031286
12 0.649762 0.544612 0.061800 0.032445
13 0.797052 0.542874 0.051500 0.031286
14 0.644612 0.491309 0.055620 0.030127
15 0.784692 0.490730 0.055620 0.031286
16 0.635342 0.440324 0.053560 0.030127
17 0.773362 0.442063 0.049440 0.028969
18 0.629162 0.394554 0.053560 0.026651
19 0.763062 0.618772 0.366680 0.669757