0 0.675512 0.910776 0.150380 0.034762
1 0.838252 0.902086 0.051500 0.035921
2 0.666242 0.833720 0.049440 0.040556
3 0.819712 0.831981 0.055620 0.037080
4 0.671392 0.776941 0.055620 0.040556
5 0.826922 0.775782 0.057680 0.038239
6 0.679632 0.718424 0.076220 0.044032
7 0.825892 0.718424 0.063860 0.044032
8 0.682722 0.662225 0.061800 0.035921
9 0.833102 0.663384 0.057680 0.038239
10 0.687872 0.603129 0.051500 0.035921
11 0.832072 0.606025 0.063860 0.034762
12 0.687872 0.550406 0.059740 0.032445
13 0.825892 0.550985 0.055620 0.031286
14 0.685812 0.495365 0.055620 0.028969
15 0.825892 0.499421 0.055620 0.032445
16 0.686842 0.446118 0.057680 0.027810
17 0.822802 0.451333 0.057680 0.028969
18 0.688902 0.400348 0.061800 0.031286
19 0.739372 0.622827 0.352260 0.659328
