0 0.732162 0.823870 0.160680 0.032445
1 0.883571 0.808806 0.051500 0.034762
2 0.702292 0.747393 0.072100 0.039397
3 0.852672 0.736385 0.059740 0.040556
4 0.697142 0.687717 0.078280 0.038239
5 0.844432 0.679606 0.067980 0.042874
6 0.685812 0.630359 0.067980 0.037080
7 0.836192 0.622827 0.063860 0.035921
8 0.680662 0.569525 0.065920 0.033604
9 0.828982 0.564311 0.065920 0.039397
10 0.672422 0.515643 0.061800 0.032445
11 0.817652 0.508111 0.072100 0.035921
12 0.659032 0.458864 0.067980 0.034762
13 0.805292 0.454809 0.059740 0.038239
14 0.650792 0.406721 0.067980 0.041715
15 0.788812 0.404983 0.063860 0.033604
16 0.641522 0.358053 0.065920 0.027810
17 0.778512 0.357474 0.055620 0.026651
18 0.630192 0.311703 0.063860 0.027810
19 0.753792 0.531286 0.381100 0.684820