0 0.612710 0.764002 0.139050 0.044419
1 0.822143 0.751931 0.066950 0.039591
2 0.587818 0.658266 0.072100 0.043453
3 0.787810 0.651024 0.060083 0.040556
4 0.589535 0.574739 0.078967 0.046350
5 0.793818 0.571842 0.068667 0.046350
6 0.587818 0.491213 0.078967 0.047316
7 0.793818 0.492661 0.072100 0.042487
8 0.585243 0.408652 0.077250 0.042487
9 0.788668 0.410583 0.068667 0.042487
10 0.581810 0.330436 0.080683 0.042487
11 0.781801 0.337679 0.068667 0.043453
12 0.578376 0.258787 0.077250 0.042487
13 0.766351 0.265547 0.061800 0.038625
14 0.573226 0.192159 0.063517 0.036694
15 0.759485 0.203747 0.065233 0.034762
16 0.567218 0.134705 0.072100 0.033797
17 0.748326 0.146292 0.066950 0.031866
18 0.566360 0.084975 0.063517 0.027037
19 0.674510 0.430668 0.451483 0.770568
