0 0.4674479166666667 0.5777777777777777 0.04635416666666667 0.08148148148148149
4 0.39609375 0.4962962962962963 0.05364583333333333 0.09074074074074075
5 0.4671875 0.4925925925925926 0.05 0.08518518518518518
6 0.39609375 0.4050925925925926 0.050520833333333334 0.07685185185185185
7 0.4666666666666667 0.41203703703703703 0.04791666666666667 0.07222222222222222
8 0.39609375 0.32407407407407407 0.0578125 0.07962962962962963
9 0.4661458333333333 0.337037037037037 0.046875 0.07222222222222222
10 0.40182291666666664 0.24768518518518517 0.04635416666666667 0.06944444444444445
11 0.46510416666666665 0.2652777777777778 0.042708333333333334 0.06759259259259259
1 0.403125 0.18564814814814815 0.03958333333333333 0.06388888888888888
2 0.4640625 0.19768518518518519 0.040625 0.06944444444444445
3 0.40729166666666666 0.12222222222222222 0.04375 0.05925925925925926
12 0.39921875 0.5842592592592593 0.0515625 0.08148148148148149
13 0.46770833333333334 0.6578703703703703 0.04791666666666667 0.0787037037037037
14 0.40260416666666665 0.6703703703703704 0.046875 0.07592592592592592
15 0.47317708333333336 0.7398148148148148 0.0390625 0.07407407407407407
16 0.4078125 0.7527777777777778 0.041666666666666664 0.07222222222222222
17 0.4864583333333333 0.8287037037037037 0.036458333333333336 0.06851851851851852
20 0.41953125 0.8486111111111111 0.0859375 0.07685185185185185
21 0.45703125 0.462037037037037 0.18177083333333333 0.9018518518518519