6 0.43421393632888794 0.41027653217315674 0.04012127220630646 0.07537700235843658
4 0.4350857734680176 0.49287864565849304 0.04019966349005699 0.07455308735370636
8 0.4359249472618103 0.32760345935821533 0.035540200769901276 0.06734737753868103
15 0.5022332668304443 0.7262161374092102 0.03643360361456871 0.06772969663143158
9 0.4971511960029602 0.3402164876461029 0.03495083004236221 0.0648752823472023
2 0.49717646837234497 0.20507922768592834 0.03443489223718643 0.058237794786691666
21 0.4746786057949066 0.4503214359283447 0.1476447433233261 0.8811882734298706
12 0.43471625447273254 0.5775448083877563 0.04117565229535103 0.07578159123659134
1 0.4389002323150635 0.18893767893314362 0.03350277245044708 0.05536753311753273
3 0.44021075963974 0.12821514904499054 0.03614215925335884 0.052520956844091415
0 0.4999176263809204 0.5728654265403748 0.03688431158661842 0.07141553610563278
20 0.4504091441631317 0.8374571204185486 0.07583338767290115 0.06734856218099594
16 0.43885987997055054 0.7402971982955933 0.040479280054569244 0.07056359201669693
17 0.5160441398620605 0.8177695274353027 0.03236227110028267 0.0607927106320858
5 0.49840033054351807 0.4928647577762604 0.03563728556036949 0.07318733632564545
10 0.4363202452659607 0.25474032759666443 0.03684597089886665 0.06202169135212898
6 0.4981689751148224 0.4157695174217224 0.03766956552863121 0.07168935239315033
14 0.4364595115184784 0.6605879068374634 0.04002809897065163 0.0758429616689682
