3 0.40742871165275574 0.11685644090175629 0.035688307136297226 0.05667315423488617
1 0.4030156135559082 0.1784971058368683 0.03652458265423775 0.05520951747894287
6 0.3896147906780243 0.4109056293964386 0.04328632727265358 0.08118478208780289
8 0.39416828751564026 0.32467755675315857 0.03881855309009552 0.07241532951593399
21 0.44318944215774536 0.4718201756477356 0.16527345776557922 0.9283943176269531
14 0.38872864842414856 0.6812589764595032 0.04318803548812866 0.07777449488639832
12 0.38744086027145386 0.5918386578559875 0.042237285524606705 0.07922685146331787
16 0.39118772745132446 0.7659462690353394 0.04183254390954971 0.073869489133358
9 0.45956748723983765 0.34054994583129883 0.03603973612189293 0.06680069118738174
15 0.45780158042907715 0.7519850134849548 0.03815460577607155 0.07101745158433914
20 0.40553343296051025 0.8684008717536926 0.08084968477487564 0.07146301120519638
4 0.3878770172595978 0.4997435212135315 0.04257628321647644 0.07781185209751129
10 0.3977137804031372 0.2469780147075653 0.03845176845788956 0.06809647381305695
17 0.4741631746292114 0.8486807346343994 0.03451347351074219 0.06263986974954605
2 0.46333906054496765 0.19885851442813873 0.034895896911621094 0.06021609902381897
6 0.4582747519016266 0.42018744349479675 0.038819123059511185 0.07620663195848465
5 0.45663684606552124 0.5027949213981628 0.03776989132165909 0.07559119164943695
0 0.456045925617218 0.5887585282325745 0.037604525685310364 0.07506544142961502
