3 0.39352667331695557 0.18613086640834808 0.036203958094120026 0.057875484228134155
2 0.44832685589790344 0.27274543046951294 0.03558178246021271 0.06469935178756714
6 0.37222909927368164 0.4918920397758484 0.04305334389209747 0.08336514979600906
1 0.3874705731868744 0.25046080350875854 0.03738301619887352 0.06283416599035263
16 0.3741151988506317 0.8471003174781799 0.04128061980009079 0.07304789125919342
21 0.4255189895629883 0.5018585920333862 0.15701046586036682 0.978884220123291
20 0.38946858048439026 0.9484679102897644 0.08058255910873413 0.06819389760494232
14 0.3713749051094055 0.7654989361763 0.04210160672664642 0.07911037653684616
17 0.45865634083747864 0.9292022585868835 0.035222817212343216 0.06195175647735596
10 0.3760039210319519 0.40169405937194824 0.04073639214038849 0.07714623212814331
15 0.4415278732776642 0.8355945944786072 0.037937231361866 0.06968417763710022
11 0.44543343782424927 0.3413681387901306 0.03630447760224342 0.06601989269256592
6 0.3709302544593811 0.5821599364280701 0.04293565824627876 0.08244063705205917
10 0.38179123401641846 0.32074543833732605 0.03775234520435333 0.06781584769487381
0 0.43979665637016296 0.6747150421142578 0.03902397304773331 0.07245093584060669
12 0.3700244426727295 0.6747459769248962 0.041593171656131744 0.07900514453649521
8 0.3760550916194916 0.4015340209007263 0.04041992872953415 0.07648129016160965
