6 0.388174831867218 0.48681843280792236 0.04135500639677048 0.08189646154642105
3 0.402657687664032 0.18795670568943024 0.036391641944646835 0.05631662905216217
8 0.39207568764686584 0.400913804769516 0.035349369049072266 0.06920759379863739
21 0.4390180706977844 0.493445485830307 0.15653744339942932 0.957832396030426
16 0.39315637946128845 0.8292034268379211 0.03993644937872887 0.07130703330039978
2 0.4578925669193268 0.270508348941803 0.034632112830877304 0.06150755658745766
15 0.45867469906806946 0.814877986907959 0.03764810785651207 0.0686730295419693
1 0.3981474041938782 0.2524152398109436 0.0359521247446537 0.060621120035648346
20 0.40715163946151733 0.9260154366493225 0.08041013777256012 0.06657720357179642
11 0.4568229019641876 0.3398401737213135 0.0367315299808979 0.06699682027101517
9 0.456511527299881 0.41459858417510986 0.037438586354255676 0.06983150541782379
4 0.3878169357776642 0.5727265477180481 0.04252014309167862 0.07716341316699982
17 0.47614043951034546 0.9044734239578247 0.03465995937585831 0.06221431866288185
12 0.3876560926437378 0.662155032157898 0.04224977642297745 0.07760410755872726
10 0.3942810893058777 0.32193610072135925 0.037878040224313736 0.06644567102193832
5 0.4552854895591736 0.5753000974655151 0.03745441511273384 0.07484108209609985
0 0.45617106556892395 0.6585773825645447 0.03747692331671715 0.07064920663833618
14 0.38989174365997314 0.7483454346656799 0.042052462697029114 0.07528381049633026
