8 0.4045676589012146 0.4106045961380005 0.03991089016199112 0.07419094443321228
6 0.40025126934051514 0.4937423765659332 0.04147711023688316 0.0804496482014656
15 0.4638631343841553 0.8168652653694153 0.038228608667850494 0.07077518105506897
21 0.4510048031806946 0.4978373050689697 0.16770631074905396 0.9464251399040222
9 0.4678203761577606 0.42432743310928345 0.035939790308475494 0.06932813674211502
1 0.4124681055545807 0.26242923736572266 0.03520698845386505 0.05976439639925957
4 0.39938801527023315 0.5776225328445435 0.04187212139368057 0.08012344688177109
0 0.464089035987854 0.6629056930541992 0.03849811851978302 0.07291067391633987
2 0.47191306948661804 0.28217315673828125 0.03556245192885399 0.06260263174772263
12 0.3974671959877014 0.6639583706855774 0.04180479422211647 0.077591672539711
14 0.39848706126213074 0.7486783862113953 0.04131660610437393 0.07823316752910614
3 0.4176689386367798 0.1998736411333084 0.03696025535464287 0.05733150988817215
17 0.4781646430492401 0.9068084359169006 0.033400729298591614 0.06367289274930954
10 0.40808120369911194 0.3303714096546173 0.037703800946474075 0.07071515917778015
16 0.4001706540584564 0.8282071948051453 0.04208650812506676 0.07301579415798187
20 0.4104732871055603 0.9242063760757446 0.08015225827693939 0.0637732595205307
13 0.4634017050266266 0.7436503767967224 0.03784323111176491 0.07546352595090866
5 0.4636920392513275 0.5824975967407227 0.03854723274707794 0.07334645092487335
11 0.4692613184452057 0.3498503863811493 0.03699083626270294 0.06842837482690811
