3 0.40761464834213257 0.11610061675310135 0.036104775965213776 0.058525245636701584
1 0.40295398235321045 0.17865750193595886 0.036350857466459274 0.05478748679161072
8 0.3935292065143585 0.32337069511413574 0.03682444989681244 0.07001040130853653
12 0.3870351314544678 0.5902365446090698 0.0427735336124897 0.07818863540887833
21 0.4411959648132324 0.4713083803653717 0.16106559336185455 0.9277442097663879
14 0.38882875442504883 0.681585431098938 0.04392433539032936 0.07825085520744324
6 0.3896264135837555 0.4103987514972687 0.04298178479075432 0.08146607875823975
16 0.3911818563938141 0.7657994627952576 0.04168320074677467 0.0754852294921875
15 0.4588499069213867 0.7526933550834656 0.03895168378949165 0.07156846672296524
9 0.45963358879089355 0.34058430790901184 0.03611936792731285 0.06668992340564728
10 0.39740830659866333 0.24698884785175323 0.03841762617230415 0.06610438972711563
6 0.45823073387145996 0.42006370425224304 0.03813448175787926 0.07464141398668289
20 0.4052242636680603 0.8683897256851196 0.08044316619634628 0.07112618535757065
17 0.47401630878448486 0.849270761013031 0.034264564514160156 0.06300760805606842
2 0.4637576639652252 0.19909141957759857 0.03573036566376686 0.059121448546648026
4 0.388401061296463 0.4978404641151428 0.043509453535079956 0.07631276547908783
5 0.45693692564964294 0.5040861964225769 0.037284091114997864 0.07331743091344833
