3 0.42556679248809814 0.10059042274951935 0.0374145545065403 0.05403183773159981
6 0.4152020812034607 0.4004001021385193 0.04516684263944626 0.08309834450483322
14 0.41809409856796265 0.6777958273887634 0.041775546967983246 0.07946692407131195
4 0.4151915907859802 0.4894980490207672 0.043153319507837296 0.07932007312774658
21 0.45805278420448303 0.4735151529312134 0.1772877722978592 0.9358340501785278
2 0.4855193793773651 0.18179693818092346 0.03493347391486168 0.06143815815448761
1 0.42324745655059814 0.1628357172012329 0.036058492958545685 0.05942920967936516
17 0.5054104924201965 0.8434244394302368 0.03489818796515465 0.06638115644454956
5 0.4855402112007141 0.49205389618873596 0.03828137740492821 0.07570984214544296
9 0.4856916069984436 0.3253612816333771 0.03825836256146431 0.06954054534435272
20 0.43456557393074036 0.8685043454170227 0.0845758467912674 0.07575683295726776
12 0.4152809679508209 0.5845732688903809 0.04504528269171715 0.08168385922908783
16 0.4208553433418274 0.7623365521430969 0.042289480566978455 0.07719150185585022
8 0.41783878207206726 0.31065428256988525 0.04037698358297348 0.07408837229013443
10 0.41974860429763794 0.2316872775554657 0.0389251746237278 0.06537861377000809
