3 0.439118891954422 0.12306869029998779 0.035836029797792435 0.05296614393591881
1 0.4365848898887634 0.18317531049251556 0.035535622388124466 0.057749852538108826
6 0.4301615059375763 0.408948689699173 0.04022045433521271 0.07722117006778717
8 0.43230879306793213 0.32590577006340027 0.03680172190070152 0.07106713205575943
21 0.47507721185684204 0.457013338804245 0.1517179310321808 0.9114975333213806
14 0.4321705102920532 0.6691867113113403 0.03979931026697159 0.07679618149995804
4 0.4306620955467224 0.49364447593688965 0.04005889967083931 0.07536183297634125
20 0.44518426060676575 0.8513280153274536 0.08173828572034836 0.06992865353822708
12 0.43040353059768677 0.5817209482192993 0.04059334099292755 0.07677973806858063
5 0.49653786420822144 0.4961555600166321 0.035772230476140976 0.07068687677383423
16 0.4339875876903534 0.7495089769363403 0.040406323969364166 0.07320861518383026
17 0.513549268245697 0.8303078413009644 0.03437366709113121 0.06137830764055252
15 0.49863332509994507 0.736954391002655 0.036695290356874466 0.06989474594593048
2 0.49692386388778687 0.2007569968700409 0.034861885011196136 0.058680612593889236
0 0.497420996427536 0.5788578987121582 0.0364227332174778 0.07142582535743713
