3 0.39492252469062805 0.1887785643339157 0.03650255501270294 0.05685785040259361
14 0.37203294038772583 0.7681294679641724 0.042741332203149796 0.07823621481657028
16 0.37532445788383484 0.8509423136711121 0.04188932105898857 0.07196485251188278
6 0.3728865385055542 0.4956446886062622 0.041988469660282135 0.08205631375312805
21 0.426004558801651 0.5020315051078796 0.15746323764324188 0.9769114255905151
20 0.39009544253349304 0.950575053691864 0.08082962781190872 0.06888388097286224
2 0.4493873715400696 0.27685150504112244 0.03613605722784996 0.06121046096086502
9 0.44438624382019043 0.4235570728778839 0.037581637501716614 0.07184473425149918
1 0.3889162242412567 0.25391411781311035 0.035955559462308884 0.060442324727773666
10 0.37684834003448486 0.4039047658443451 0.04081382974982262 0.07677146047353745
15 0.44264718890190125 0.8387820720672607 0.03826561197638512 0.06999172270298004
8 0.37556663155555725 0.40505632758140564 0.03558601066470146 0.07684411108493805
5 0.44158822298049927 0.5913218259811401 0.03918056562542915 0.07571207731962204
6 0.37173864245414734 0.5852113962173462 0.042512450367212296 0.08084332197904587
17 0.459182471036911 0.9324904680252075 0.0350341796875 0.05981643125414848
10 0.3820892572402954 0.3248014450073242 0.03813190758228302 0.06813337653875351
6 0.44331055879592896 0.5062705278396606 0.038541413843631744 0.07579291611909866
