6 0.3817106783390045 0.47146594524383545 0.03933341056108475 0.07758039981126785
16 0.38404208421707153 0.8154188394546509 0.04116319119930267 0.07189782708883286
3 0.3986729681491852 0.17439189553260803 0.03575516119599342 0.05617896094918251
1 0.39360058307647705 0.23653677105903625 0.03592256084084511 0.06030949950218201
8 0.3843114972114563 0.38528305292129517 0.0368364043533802 0.06857418268918991
4 0.380619615316391 0.5575764775276184 0.04002196341753006 0.07783135026693344
21 0.42668697237968445 0.48919016122817993 0.1467556655406952 0.9439890384674072
9 0.44914934039115906 0.39935359358787537 0.03728332743048668 0.07118233293294907
0 0.4472295939922333 0.6457284092903137 0.03708400949835777 0.07130533456802368
14 0.38185444474220276 0.7347739338874817 0.03951050713658333 0.07856931537389755
17 0.4660702049732208 0.8959107995033264 0.034076690673828125 0.06281975656747818
2 0.4541616439819336 0.2575545310974121 0.035109519958496094 0.05866027995944023
20 0.39728865027427673 0.9160234332084656 0.08146092295646667 0.06835773587226868
10 0.3890243172645569 0.3058372437953949 0.03719167783856392 0.06788403540849686
15 0.44986024498939514 0.8047326803207397 0.03757457807660103 0.06986846774816513
12 0.37973952293395996 0.647692084312439 0.040686801075935364 0.07714317739009857
7 0.4480663537979126 0.47918280959129333 0.03806496039032936 0.07396680861711502
5 0.4471350908279419 0.5622218251228333 0.037563517689704895 0.07406022399663925
