3 0.4073192775249481 0.11672036349773407 0.03566077724099159 0.056916844099760056
1 0.4030211865901947 0.17834249138832092 0.036526840180158615 0.05486437305808067
6 0.38952508568763733 0.41060009598731995 0.043267253786325455 0.08093871921300888
8 0.39359351992607117 0.3238433301448822 0.03696969524025917 0.07053392380475998
21 0.44141629338264465 0.4724805951118469 0.15983664989471436 0.9295209646224976
12 0.3875250816345215 0.5916669964790344 0.04236898571252823 0.07945726066827774
14 0.3889634609222412 0.6809818744659424 0.04363546520471573 0.07874637097120285
16 0.3911134898662567 0.7656665444374084 0.04221611097455025 0.07404954731464386
9 0.4596520662307739 0.3406822085380554 0.03627071529626846 0.06668972223997116
15 0.4579693675041199 0.7522026896476746 0.03780556097626686 0.0709228515625
20 0.40529900789260864 0.8681091070175171 0.08053093403577805 0.07133246213197708
10 0.3978081941604614 0.2471502125263214 0.038370516151189804 0.06823552399873734
17 0.47425511479377747 0.8487191796302795 0.0343615859746933 0.0625762939453125
4 0.3880000412464142 0.49975472688674927 0.04242115095257759 0.07776370644569397
2 0.46328288316726685 0.19896341860294342 0.03490028530359268 0.059602610766887665
6 0.458405464887619 0.4200635254383087 0.0381106398999691 0.07573112100362778
5 0.4568367004394531 0.503749668598175 0.03709163889288902 0.07362198829650879
