6 0.43438810110092163 0.4115965664386749 0.0399564765393734 0.0734575018286705
1 0.438951700925827 0.19016684591770172 0.03362484276294708 0.052749719470739365
12 0.43508341908454895 0.5775638222694397 0.04089393839240074 0.07520163804292679
8 0.4351235628128052 0.32929521799087524 0.03921814262866974 0.07116538286209106
21 0.477678507566452 0.45024967193603516 0.15484222769737244 0.8834083676338196
4 0.4346020817756653 0.49210748076438904 0.04014568403363228 0.07365267723798752
20 0.45100510120391846 0.8370915651321411 0.07666607201099396 0.06606614589691162
3 0.4401831328868866 0.13099204003810883 0.03500652313232422 0.05345463752746582
14 0.43698936700820923 0.6606661081314087 0.04093971475958824 0.07328514009714127
16 0.4389647841453552 0.7402870655059814 0.04014167934656143 0.07018771767616272
2 0.4977172017097473 0.20591910183429718 0.03361053764820099 0.05599267780780792
15 0.5020147562026978 0.726641833782196 0.036643221974372864 0.06592407077550888
17 0.5163601040840149 0.8186280727386475 0.033965110778808594 0.0626627579331398
0 0.5003830194473267 0.5732516646385193 0.03769664838910103 0.06927195936441422
10 0.43676817417144775 0.2552433907985687 0.03693542629480362 0.061805397272109985
5 0.4982709288597107 0.49398910999298096 0.03647683560848236 0.07071225345134735
