6 0.434020459651947 0.41106829047203064 0.03997974470257759 0.07497406005859375
12 0.43457919359207153 0.5778884887695312 0.04155750572681427 0.07557768374681473
1 0.43854057788848877 0.18837060034275055 0.03463554382324219 0.054843053221702576
8 0.4360487163066864 0.3271487057209015 0.03611946478486061 0.06798788160085678
21 0.47408750653266907 0.45125335454940796 0.1454051434993744 0.884330689907074
20 0.4506446123123169 0.8377236127853394 0.0767655074596405 0.06731058657169342
9 0.4970960021018982 0.33996766805648804 0.03482837975025177 0.06428414583206177
2 0.49709656834602356 0.20431840419769287 0.033836301416158676 0.059927113354206085
17 0.5163372159004211 0.8173163533210754 0.030563991516828537 0.06056315079331398
0 0.5000653266906738 0.5730409026145935 0.03780193626880646 0.07111120969057083
4 0.4347773790359497 0.4935474395751953 0.04082978889346123 0.07561255246400833
10 0.43654415011405945 0.2548290491104126 0.03775482252240181 0.061996642500162125
16 0.4391009509563446 0.7407965660095215 0.03997631371021271 0.07096760720014572
14 0.4366642236709595 0.6610466837882996 0.040250398218631744 0.07541470229625702
5 0.49869391322135925 0.49360665678977966 0.03627529367804527 0.07388865202665329
19 0.5907428860664368 0.7984483242034912 0.0960797667503357 0.1649085134267807
3 0.44024449586868286 0.12886382639408112 0.03465690836310387 0.052113596349954605
15 0.5020239353179932 0.726716935634613 0.03571529686450958 0.0692816823720932
