1 0.40306970477104187 0.17838995158672333 0.03614254295825958 0.055489689111709595
3 0.4073958992958069 0.11667457222938538 0.03552208095788956 0.05710563436150551
6 0.38967716693878174 0.4106898009777069 0.04329433664679527 0.08171556144952774
21 0.4426161050796509 0.4720553755760193 0.16218914091587067 0.9280684590339661
8 0.39372020959854126 0.3232124447822571 0.037118565291166306 0.07212572544813156
14 0.3888097107410431 0.6815921068191528 0.04289964213967323 0.07953784614801407
12 0.38723841309547424 0.5915347337722778 0.04189625009894371 0.07923854887485504
16 0.39108091592788696 0.7656217813491821 0.04202251508831978 0.07402309775352478
20 0.40575677156448364 0.8681915402412415 0.08170849829912186 0.07147182524204254
4 0.38819581270217896 0.49946779012680054 0.042444486171007156 0.07741732895374298
15 0.45890381932258606 0.7523149251937866 0.03844890743494034 0.07136162370443344
9 0.4594835937023163 0.3405403792858124 0.03612842783331871 0.06615261733531952
10 0.397602915763855 0.24689461290836334 0.03800840675830841 0.06692156940698624
6 0.4582706689834595 0.4199539124965668 0.0385042205452919 0.07530144602060318
0 0.45610156655311584 0.5887333750724792 0.03769388422369957 0.0754411444067955
5 0.45683786273002625 0.5027000904083252 0.038274768739938736 0.0754389688372612
2 0.46340152621269226 0.19831517338752747 0.03479328379034996 0.05926767736673355
10 0.3937087059020996 0.3230619728565216 0.039688460528850555 0.07246687263250351
17 0.4743838608264923 0.8490530848503113 0.03443203121423721 0.06274142861366272
13 0.4578225910663605 0.6729658246040344 0.03736019507050514 0.07615531235933304
