3 0.38963526487350464 0.1841958910226822 0.03525320813059807 0.057708483189344406
1 0.38417378067970276 0.24781934916973114 0.03581174463033676 0.06003335863351822
14 0.3722350001335144 0.7455447316169739 0.04007120430469513 0.07696770131587982
6 0.3715551495552063 0.48010751605033875 0.04129813611507416 0.07956000417470932
21 0.4215860664844513 0.49447959661483765 0.1491265743970871 0.9592944979667664
20 0.390240877866745 0.9249939918518066 0.07892929762601852 0.06546206772327423
9 0.4396217465400696 0.41054341197013855 0.03575490415096283 0.06607089191675186
16 0.3756890296936035 0.826453447341919 0.04125938564538956 0.07098829001188278
10 0.38033729791641235 0.3180571496486664 0.03711843863129616 0.06580284982919693
8 0.37446925044059753 0.39459168910980225 0.038779452443122864 0.07223618030548096
2 0.44466739892959595 0.26749351620674133 0.03484039381146431 0.061287771910429
0 0.43824484944343567 0.655907392501831 0.039190422743558884 0.07162289321422577
4 0.37033340334892273 0.568957507610321 0.04067999869585037 0.0778173953294754
15 0.44111326336860657 0.8138455748558044 0.03695583716034889 0.06754574179649353
5 0.43749669194221497 0.5711573958396912 0.037682726979255676 0.07243307679891586
17 0.4581463932991028 0.9059453010559082 0.03427181392908096 0.05944010242819786
