6 0.4345223605632782 0.41064485907554626 0.04018764570355415 0.07484571635723114
8 0.43625539541244507 0.3270765542984009 0.03628997877240181 0.06810808181762695
12 0.4357486069202423 0.575930118560791 0.04167060926556587 0.07681189477443695
4 0.4353979229927063 0.4926590919494629 0.04041767492890358 0.07461584359407425
1 0.43934834003448486 0.188420832157135 0.03337707743048668 0.05482910946011543
21 0.4758569896221161 0.4502689838409424 0.1505737453699112 0.8810792565345764
9 0.497575968503952 0.33977022767066956 0.035134509205818176 0.0644141286611557
3 0.4402138888835907 0.128587543964386 0.03622627630829811 0.052018165588378906
14 0.4372861087322235 0.6593718528747559 0.04102993384003639 0.07484447211027145
20 0.45136234164237976 0.8370305299758911 0.07637196034193039 0.06760332733392715
15 0.5030403137207031 0.725508451461792 0.0360906608402729 0.06829958409070969
5 0.4985288977622986 0.49295574426651 0.035801954567432404 0.07296343147754669
2 0.49769261479377747 0.20403844118118286 0.03413963317871094 0.05951642617583275
10 0.4368029832839966 0.25444772839546204 0.037026215344667435 0.0611053891479969
16 0.43913882970809937 0.7389202117919922 0.04011726751923561 0.06869642436504364
0 0.5006487369537354 0.5720391273498535 0.037072375416755676 0.0705278143286705
17 0.5168100595474243 0.8165282011032104 0.033065956085920334 0.06135202944278717
