6 0.4340893030166626 0.4105711877346039 0.04007091745734215 0.0737660676240921
12 0.43494313955307007 0.576998233795166 0.0412534736096859 0.07581877708435059
4 0.4351550340652466 0.4922941327095032 0.04032859951257706 0.07435248792171478
15 0.5018469095230103 0.7264686822891235 0.03653888776898384 0.06750267744064331
8 0.4360642731189728 0.32832953333854675 0.03729407116770744 0.0699608102440834
1 0.43856745958328247 0.18823683261871338 0.03434276580810547 0.055269595235586166
21 0.47541543841362 0.44980576634407043 0.15040338039398193 0.882524847984314
2 0.49717897176742554 0.20549193024635315 0.03408336639404297 0.057608116418123245
9 0.49736693501472473 0.34005454182624817 0.035169221460819244 0.06548125296831131
20 0.4504767656326294 0.837432861328125 0.07631779462099075 0.0670098215341568
0 0.49975988268852234 0.5729976892471313 0.037018969655036926 0.07101954519748688
3 0.44013577699661255 0.12949025630950928 0.03513851389288902 0.0508146770298481
6 0.4983702003955841 0.41587838530540466 0.03799152746796608 0.07130177319049835
16 0.43900740146636963 0.7401602864265442 0.04071197658777237 0.07081501930952072
17 0.5162332057952881 0.8177428841590881 0.032880689948797226 0.06169049069285393
14 0.4369772672653198 0.660205602645874 0.041139986366033554 0.07572552561759949
5 0.49852705001831055 0.4931889772415161 0.03581886366009712 0.07175032794475555
10 0.43658754229545593 0.25474509596824646 0.036496926099061966 0.06105770543217659
