6 0.38549330830574036 0.48836517333984375 0.042187247425317764 0.08071763813495636
3 0.4001617729663849 0.19015657901763916 0.036272019147872925 0.0548800565302372
4 0.38527652621269226 0.5743061900138855 0.041600801050662994 0.0788625031709671
12 0.38534003496170044 0.6624153256416321 0.04246756434440613 0.07797648012638092
21 0.43529003858566284 0.4925204813480377 0.1487090140581131 0.9593853950500488
15 0.4556017220020294 0.8158136606216431 0.0366973914206028 0.06749572604894638
2 0.45605477690696716 0.2719065248966217 0.03625135496258736 0.06127237156033516
14 0.3878248333930969 0.7489652633666992 0.04215787351131439 0.07696601003408432
5 0.45176130533218384 0.5765700340270996 0.038468364626169205 0.07420331984758377
1 0.3956960141658783 0.2541540861129761 0.03545885160565376 0.058894459158182144
10 0.3913584053516388 0.3234919309616089 0.037993114441633224 0.06757199019193649
9 0.45303434133529663 0.41518884897232056 0.035914041101932526 0.06945851445198059
8 0.3891695439815521 0.40218615531921387 0.036537617444992065 0.07061970978975296
17 0.47266143560409546 0.9070436358451843 0.03381398692727089 0.06121554970741272
20 0.40520036220550537 0.9267634749412537 0.07959156483411789 0.06617166101932526
0 0.4529924690723419 0.6599191427230835 0.03708210214972496 0.07213304191827774
16 0.3901577889919281 0.8300102949142456 0.04248781502246857 0.0711076483130455
