6 0.4342436194419861 0.4104216694831848 0.04027538374066353 0.07439812272787094
8 0.436109721660614 0.32781511545181274 0.03557415306568146 0.06765983998775482
4 0.4352725148200989 0.4927099049091339 0.040282443165779114 0.07477111369371414
12 0.43497079610824585 0.5773463249206543 0.04129060357809067 0.07563617825508118
1 0.4386747479438782 0.1886528879404068 0.03342647850513458 0.055278100073337555
15 0.5024610757827759 0.7265139818191528 0.03671398386359215 0.06876062601804733
0 0.4996430575847626 0.5730883479118347 0.036637309938669205 0.07151754945516586
21 0.47427770495414734 0.44956958293914795 0.1463085263967514 0.882581889629364
2 0.49715062975883484 0.2049044668674469 0.03416118770837784 0.05825534462928772
9 0.4972153902053833 0.3402813971042633 0.03493538126349449 0.06583259999752045
20 0.45076143741607666 0.8372397422790527 0.07633686810731888 0.06750081479549408
10 0.43651100993156433 0.2545914351940155 0.037078384310007095 0.061998508870601654
5 0.49846169352531433 0.4932992458343506 0.036292269825935364 0.07250566780567169
6 0.4980826675891876 0.4160967469215393 0.03740863874554634 0.07235734909772873
3 0.4400773346424103 0.1278868168592453 0.03608099743723869 0.05265351012349129
16 0.43877288699150085 0.7406381964683533 0.040709368884563446 0.07122848182916641
14 0.43678829073905945 0.6606638431549072 0.04079100489616394 0.07565279304981232
17 0.5168411731719971 0.8169867396354675 0.03215961530804634 0.06248191371560097
