6 0.41524896025657654 0.4001409709453583 0.04520483314990997 0.08260481059551239
14 0.4182162880897522 0.6778373122215271 0.04181801527738571 0.08044800907373428
3 0.4258226752281189 0.10092677921056747 0.037059277296066284 0.05298791080713272
4 0.4151456952095032 0.4895448386669159 0.04301052168011665 0.07918551564216614
21 0.4576374888420105 0.4735100567340851 0.17734719812870026 0.935356080532074
1 0.42311879992485046 0.16280703246593475 0.03627529367804527 0.06003027781844139
17 0.5054731369018555 0.8434680104255676 0.034821320325136185 0.06701185554265976
5 0.48528140783309937 0.49272918701171875 0.038367971777915955 0.07537516951560974
2 0.48535987734794617 0.18188858032226562 0.03488852456212044 0.060835856944322586
12 0.41511186957359314 0.5846334099769592 0.044980719685554504 0.08221197873353958
16 0.4208226799964905 0.7619535326957703 0.042012374848127365 0.07606268674135208
20 0.4345722496509552 0.8688912391662598 0.08465138077735901 0.07551348209381104
9 0.4856124520301819 0.3255811333656311 0.03793974220752716 0.07003453373908997
10 0.41982710361480713 0.231623575091362 0.03895149379968643 0.06545180082321167
8 0.4179576337337494 0.31058621406555176 0.040009308606386185 0.07442107051610947
6 0.48577624559402466 0.4077695906162262 0.03906917944550514 0.07675894349813461
