3 0.4256138205528259 0.101096972823143 0.038278963416814804 0.05418891832232475
6 0.4153640568256378 0.400779664516449 0.044834330677986145 0.084436796605587
14 0.41817420721054077 0.6777620315551758 0.04180743172764778 0.08060116320848465
21 0.4569312036037445 0.4737364649772644 0.1751127690076828 0.9347535967826843
4 0.41524365544319153 0.4898996949195862 0.04359099268913269 0.08123982697725296
12 0.41496559977531433 0.5844652056694031 0.045746009796857834 0.08207985013723373
1 0.42302241921424866 0.16299936175346375 0.036377716809511185 0.05895334854722023
17 0.5053607225418091 0.8437299728393555 0.03467769920825958 0.06738371402025223
8 0.41806554794311523 0.31063979864120483 0.03994983062148094 0.0741400271654129
2 0.48543933033943176 0.1822565346956253 0.03490651771426201 0.05900315195322037
9 0.4857049584388733 0.325474351644516 0.03810157999396324 0.06991221010684967
20 0.4345736503601074 0.8686575889587402 0.08487854152917862 0.07515393942594528
5 0.48566752672195435 0.49218201637268066 0.03860429301857948 0.07531577348709106
16 0.42117801308631897 0.7628581523895264 0.041886139661073685 0.07656402140855789
10 0.41980698704719543 0.23178541660308838 0.03922023996710777 0.06541462242603302
