6 0.43397167325019836 0.4102434813976288 0.03952817991375923 0.07371571660041809
12 0.43487370014190674 0.5773612260818481 0.040882304310798645 0.07538677752017975
4 0.43520787358283997 0.49243348836898804 0.0404752753674984 0.07422973960638046
8 0.4360050559043884 0.3283153176307678 0.03679695352911949 0.07018907368183136
1 0.4388503432273865 0.18878690898418427 0.03394012525677681 0.054821692407131195
15 0.5017560124397278 0.7265544533729553 0.03599885478615761 0.06775309145450592
21 0.47451093792915344 0.4495192766189575 0.146762415766716 0.8832242488861084
20 0.45054274797439575 0.837550163269043 0.07641582936048508 0.06686299294233322
2 0.4971465468406677 0.2052599936723709 0.03417377546429634 0.05766835808753967
14 0.4368116557598114 0.6607094407081604 0.0404232032597065 0.07607489824295044
9 0.4972594976425171 0.3401608169078827 0.0350041389465332 0.06497345119714737
3 0.44006913900375366 0.12898869812488556 0.03528423607349396 0.05212889611721039
16 0.4387960731983185 0.7394911050796509 0.04054807126522064 0.06931762397289276
0 0.4995461106300354 0.5730344653129578 0.03720607981085777 0.07080518454313278
6 0.4984557330608368 0.4157830476760864 0.03797436133027077 0.0716145783662796
10 0.43661922216415405 0.2548145353794098 0.036832619458436966 0.061327021569013596
5 0.4985901117324829 0.4936302900314331 0.03577079996466637 0.0722130686044693
17 0.5159516334533691 0.8178495764732361 0.03279832378029823 0.0620252825319767
