6 0.4340093731880188 0.4105372130870819 0.03957786783576012 0.07337324321269989
12 0.43489688634872437 0.5771197080612183 0.041353799402713776 0.07497745007276535
15 0.5020673871040344 0.7263987064361572 0.036380261182785034 0.06767985224723816
4 0.43511927127838135 0.49268361926078796 0.04009094461798668 0.07529599219560623
1 0.4390018582344055 0.18892143666744232 0.03334745019674301 0.05519120767712593
8 0.4359879791736603 0.328594446182251 0.03682861477136612 0.07047251611948013
21 0.4739563763141632 0.44994956254959106 0.1451343297958374 0.8819815516471863
20 0.4499909281730652 0.836890459060669 0.07802439481019974 0.06614413857460022
9 0.4971676766872406 0.33995598554611206 0.03497057035565376 0.06495601683855057
14 0.43706753849983215 0.6605889201164246 0.0408720038831234 0.07559656351804733
2 0.4971320331096649 0.20494888722896576 0.03400097042322159 0.05808647722005844
0 0.4997193515300751 0.5726812481880188 0.037058450281620026 0.0708211213350296
6 0.4981236755847931 0.41603147983551025 0.03779163584113121 0.07191088795661926
16 0.43909066915512085 0.7400156259536743 0.040719036012887955 0.0710720494389534
10 0.4365587532520294 0.2548108696937561 0.03651517257094383 0.06130710244178772
3 0.4410668909549713 0.12899154424667358 0.031052686274051666 0.0528905987739563
17 0.5166488885879517 0.8173561096191406 0.03212394937872887 0.06262410432100296
5 0.4982692003250122 0.49344193935394287 0.03578071668744087 0.07223397493362427
