6 0.434550404548645 0.4110947549343109 0.039948467165231705 0.07514156401157379
9 0.49798527359962463 0.3422127366065979 0.03675976023077965 0.06622432917356491
8 0.4356768727302551 0.3290482461452484 0.03940588980913162 0.06972820311784744
1 0.4386466145515442 0.1901438683271408 0.034664154052734375 0.0550256073474884
12 0.43480950593948364 0.5771329998970032 0.04152107611298561 0.07630784809589386
4 0.434970885515213 0.49231985211372375 0.03977489843964577 0.07330486178398132
15 0.5020008087158203 0.7263420820236206 0.03671315684914589 0.06652515381574631
20 0.45123064517974854 0.8369314670562744 0.0766475722193718 0.06707949936389923
21 0.4994910955429077 0.44808822870254517 0.189652681350708 0.8810166716575623
3 0.440123051404953 0.12961111962795258 0.03529415279626846 0.05363001674413681
14 0.4370109736919403 0.6606362462043762 0.04082323983311653 0.07520259916782379
16 0.43890297412872314 0.7395051717758179 0.04035377874970436 0.0699479803442955
5 0.49852344393730164 0.49350687861442566 0.036580659449100494 0.071686752140522
0 0.49973756074905396 0.5726369023323059 0.03742695227265358 0.07062196731567383
19 0.5266262292861938 0.21443596482276917 0.08928375691175461 0.11894688010215759
17 0.5169965028762817 0.8174704313278198 0.03301655501127243 0.06250417977571487
