12 0.4348660707473755 0.5768999457359314 0.04100380092859268 0.07589789479970932
4 0.43481045961380005 0.49256205558776855 0.04021873697638512 0.07425940781831741
6 0.43405336141586304 0.4106912314891815 0.0400504432618618 0.07442457228899002
9 0.49750950932502747 0.3404150903224945 0.0355197936296463 0.06548377126455307
1 0.4387848973274231 0.18927857279777527 0.03389625623822212 0.053946513682603836
8 0.43542546033859253 0.32802852988243103 0.03885545954108238 0.0705210343003273
20 0.4508155882358551 0.8374362587928772 0.07618770748376846 0.06684479862451553
21 0.4774504005908966 0.450145959854126 0.15456832945346832 0.8841754794120789
15 0.5019831657409668 0.7264665365219116 0.036704160273075104 0.06682298332452774
14 0.4370059669017792 0.6603416204452515 0.04129066690802574 0.0749470442533493
2 0.49730926752090454 0.20470881462097168 0.0339970588684082 0.05833723023533821
16 0.4388410151004791 0.7394915819168091 0.040633488446474075 0.06907009333372116
3 0.4400286078453064 0.1291983425617218 0.03523464500904083 0.05373742803931236
5 0.4982520639896393 0.49335721135139465 0.036403752863407135 0.0714850202202797
17 0.5163664221763611 0.8182988166809082 0.033355142921209335 0.0622507706284523
0 0.4995824992656708 0.5727292895317078 0.03782959282398224 0.0704549103975296
6 0.4983680248260498 0.41577577590942383 0.03791046515107155 0.07122022658586502
10 0.43662551045417786 0.25511133670806885 0.03695812448859215 0.06127532571554184
