3 0.4074118733406067 0.11669337004423141 0.03558267280459404 0.05660920962691307
1 0.4030185043811798 0.17827588319778442 0.03651587292551994 0.054878659546375275
8 0.3935747444629669 0.32374098896980286 0.03694741055369377 0.07023584097623825
6 0.3894883692264557 0.4110336899757385 0.04336827993392944 0.08100085705518723
21 0.44189751148223877 0.47261056303977966 0.16177751123905182 0.929691731929779
14 0.38887691497802734 0.6811319589614868 0.04356339946389198 0.07726513594388962
12 0.3874533176422119 0.591802179813385 0.0423419326543808 0.07948523759841919
16 0.3911714255809784 0.765979528427124 0.04202299192547798 0.07439767569303513
10 0.39770179986953735 0.24717429280281067 0.03867724910378456 0.0682641789317131
15 0.45876505970954895 0.7523879408836365 0.03798237070441246 0.07162678986787796
9 0.4596732258796692 0.34062427282333374 0.036255840212106705 0.06688545644283295
20 0.40529921650886536 0.8682084679603577 0.08049466460943222 0.07095811516046524
4 0.3877957761287689 0.5001132488250732 0.04295803979039192 0.0782906711101532
2 0.4634009897708893 0.1989617496728897 0.03479766845703125 0.05960968881845474
6 0.45846521854400635 0.42040392756462097 0.038408853113651276 0.07609515637159348
17 0.4741942286491394 0.8488747477531433 0.03415822982788086 0.0627950057387352
5 0.45697399973869324 0.5037983059883118 0.03741312399506569 0.07349644601345062
0 0.4559887945652008 0.588699460029602 0.037645723670721054 0.07531110942363739
