1 0.4534752070903778 0.18337342143058777 0.03520774841308594 0.057032182812690735
3 0.4551994204521179 0.12244607508182526 0.03603992611169815 0.05302458629012108
21 0.49643728137016296 0.4582839012145996 0.17470459640026093 0.9019946455955505
6 0.447977751493454 0.4097086489200592 0.04182720556855202 0.07664065808057785
12 0.44757235050201416 0.5812304019927979 0.0418584831058979 0.0750780999660492
17 0.5285012125968933 0.8300817012786865 0.033880140632390976 0.06292910873889923
15 0.5148535966873169 0.7361390590667725 0.03678398206830025 0.07003705203533173
14 0.4491610825061798 0.6669485569000244 0.04102211073040962 0.07740840315818787
8 0.44915926456451416 0.3253572881221771 0.039917755872011185 0.07003352046012878
20 0.4600817859172821 0.8496281504631042 0.08113441616296768 0.06968824565410614
4 0.4479508697986603 0.49350297451019287 0.04135558009147644 0.07541820406913757
16 0.45052167773246765 0.7479356527328491 0.04215889051556587 0.07127752900123596
10 0.4510442912578583 0.25129157304763794 0.037526704370975494 0.06490057706832886
2 0.5129840970039368 0.2007657289505005 0.03314908593893051 0.059528011828660965
