6 0.3828343451023102 0.47453850507736206 0.04087448492646217 0.07854091376066208
3 0.39997023344039917 0.17601270973682404 0.03713143989443779 0.05736728012561798
1 0.395586222410202 0.23905131220817566 0.03603757545351982 0.06017133966088295
8 0.3867524266242981 0.3879391849040985 0.036564067006111145 0.06988084316253662
14 0.3827206790447235 0.7378817796707153 0.04006157070398331 0.07710808515548706
15 0.45145389437675476 0.809169352054596 0.038256265223026276 0.0701938197016716
9 0.4505547881126404 0.4051344692707062 0.03618908300995827 0.06887274980545044
16 0.38556066155433655 0.819140613079071 0.04144955053925514 0.07360873371362686
21 0.427939236164093 0.4924241602420807 0.1436106115579605 0.9546992182731628
4 0.38198262453079224 0.5619861483573914 0.04011192545294762 0.07714255899190903
17 0.4673137962818146 0.8997280597686768 0.03360920026898384 0.06191779300570488
0 0.44865038990974426 0.6495351195335388 0.03868427500128746 0.07271593064069748
2 0.45560696721076965 0.2603619694709778 0.035525131970644 0.0595589242875576
20 0.39875224232673645 0.9188207983970642 0.08026021718978882 0.06738925725221634
5 0.4482763409614563 0.5667895078659058 0.03778228908777237 0.07248653471469879
10 0.39093104004859924 0.3083335757255554 0.037029460072517395 0.0685807392001152
12 0.38090401887893677 0.6506248116493225 0.040043070912361145 0.07705637812614441
