3 0.40769708156585693 0.11638061702251434 0.03423748165369034 0.0569530688226223
1 0.40292590856552124 0.17805832624435425 0.03624092787504196 0.05571882426738739
14 0.38918522000312805 0.6814447641372681 0.043492987751960754 0.07893620431423187
6 0.4580950140953064 0.4204239547252655 0.039299968630075455 0.07638414204120636
21 0.4391730725765228 0.4729671776294708 0.15064707398414612 0.929339587688446
8 0.394182950258255 0.32410871982574463 0.038938332349061966 0.07173309475183487
12 0.3874678909778595 0.5909547209739685 0.04264799878001213 0.07974842190742493
16 0.39133062958717346 0.7658936977386475 0.04190101847052574 0.07266506552696228
20 0.40549737215042114 0.8684295415878296 0.08180592954158783 0.07155083119869232
6 0.389750599861145 0.41150468587875366 0.04339097440242767 0.08168216049671173
9 0.45947888493537903 0.3408200144767761 0.03621521219611168 0.06665929406881332
10 0.39734017848968506 0.24656151235103607 0.038405291736125946 0.06710781157016754
5 0.4568636417388916 0.50423663854599 0.03771686926484108 0.07551902532577515
15 0.4577680826187134 0.752084493637085 0.03779487684369087 0.0716467946767807
19 0.5520985126495361 0.7963248491287231 0.08715591579675674 0.18082106113433838
4 0.3879881203174591 0.4996698796749115 0.04274126887321472 0.07647569477558136
