1 0.440993994474411 0.1800871044397354 0.03542671352624893 0.054982416331768036
3 0.4431039094924927 0.11948888748884201 0.0361974723637104 0.05378396809101105
12 0.43595507740974426 0.5801918506622314 0.042087748646736145 0.07689988613128662
6 0.4355672001838684 0.4071614146232605 0.04204120859503746 0.07900441437959671
17 0.5202093124389648 0.8296078443527222 0.034420937299728394 0.06258442997932434
15 0.5059913992881775 0.7340799570083618 0.03726387396454811 0.072509765625
14 0.43828749656677246 0.667466402053833 0.04355478659272194 0.07794200628995895
8 0.43784573674201965 0.3218897581100464 0.038916781544685364 0.07264494895935059
21 0.4905182421207428 0.45679694414138794 0.16913267970085144 0.8997344970703125
20 0.4525555968284607 0.8505761027336121 0.07905083149671555 0.07051323354244232
16 0.44058558344841003 0.7485700845718384 0.04246235266327858 0.0717264786362648
4 0.4363066852092743 0.49148187041282654 0.04218750074505806 0.07578376680612564
5 0.5035500526428223 0.49402961134910583 0.037146762013435364 0.07310739904642105
6 0.5022983551025391 0.41304320096969604 0.03750915825366974 0.07318250834941864
2 0.5018494129180908 0.19497697055339813 0.03493233025074005 0.05758243054151535
0 0.504517674446106 0.5750241279602051 0.03608141094446182 0.07179836928844452
8 0.5021185874938965 0.33303239941596985 0.03600464016199112 0.06883759796619415
10 0.4382088780403137 0.2477605640888214 0.03650722652673721 0.061429522931575775
