3 0.40773555636405945 0.1165713220834732 0.03444099426269531 0.05648062005639076
1 0.40300875902175903 0.17795613408088684 0.03650849685072899 0.05622846633195877
14 0.3892238736152649 0.680951714515686 0.04364268109202385 0.07831833511590958
12 0.38721296191215515 0.5904192924499512 0.04253934323787689 0.0788709819316864
6 0.4580644965171814 0.42052900791168213 0.03917033225297928 0.07627563178539276
21 0.4386977553367615 0.47134456038475037 0.1483532041311264 0.9265627264976501
16 0.3915325999259949 0.7656405568122864 0.04160166159272194 0.07264777272939682
8 0.3937552571296692 0.3234724700450897 0.037153180688619614 0.07089504599571228
20 0.4052288830280304 0.8687126636505127 0.08134635537862778 0.0716366246342659
19 0.5491048693656921 0.7851511240005493 0.09016336500644684 0.1820085346698761
6 0.38968631625175476 0.41113948822021484 0.04355577006936073 0.08097686618566513
10 0.3972128629684448 0.24652409553527832 0.038250066339969635 0.06656774133443832
4 0.3878510594367981 0.49955764412879944 0.042536865919828415 0.07633748650550842
9 0.4595193564891815 0.34067004919052124 0.03575563803315163 0.06652747094631195
15 0.4579969644546509 0.7520412802696228 0.037436679005622864 0.07095641642808914
12 0.4567440152168274 0.672534704208374 0.03689537197351456 0.07438823580741882
