8 0.435401976108551 0.32833242416381836 0.03904934227466583 0.07098489999771118
12 0.43474191427230835 0.5775771737098694 0.04093208536505699 0.07601714134216309
6 0.4343319237232208 0.4107482135295868 0.039975740015506744 0.07452315837144852
3 0.43961429595947266 0.12916679680347443 0.0361265204846859 0.053370580077171326
9 0.4973558783531189 0.34022605419158936 0.03531398996710777 0.0641762912273407
1 0.43891793489456177 0.1890186220407486 0.033765923231840134 0.05408034101128578
21 0.47144511342048645 0.4499315023422241 0.13821449875831604 0.8817124962806702
4 0.4348942041397095 0.492657870054245 0.04053211584687233 0.07469236105680466
20 0.4510943591594696 0.8372582197189331 0.0762239471077919 0.06724107265472412
16 0.43917229771614075 0.7407568693161011 0.04010982811450958 0.07116732746362686
2 0.4971940219402313 0.20536333322525024 0.0338350310921669 0.05667419359087944
14 0.4367985129356384 0.6608923673629761 0.04161377251148224 0.07645941525697708
19 0.574152410030365 0.6211349964141846 0.15386483073234558 0.2916063070297241
10 0.43671298027038574 0.2548600137233734 0.03722076490521431 0.06103169545531273
17 0.5171921253204346 0.8179600834846497 0.03346077725291252 0.06304863840341568
