1 0.45350411534309387 0.1833571046590805 0.03515663370490074 0.0572933629155159
6 0.447837769985199 0.4094041585922241 0.04215921089053154 0.07664947211742401
3 0.45543158054351807 0.12232474982738495 0.03500080108642578 0.052819062024354935
21 0.4954710304737091 0.457207053899765 0.17202606797218323 0.9005106687545776
12 0.4474415183067322 0.5813735127449036 0.04238395765423775 0.07548200339078903
17 0.5286051630973816 0.8299691081047058 0.03384930640459061 0.0620456263422966
20 0.459962397813797 0.8496859669685364 0.08083496242761612 0.06985948234796524
14 0.44922974705696106 0.6670237183570862 0.04129962995648384 0.07773341238498688
4 0.44801148772239685 0.49301961064338684 0.041025448590517044 0.074388287961483
15 0.5149080753326416 0.7360048294067383 0.03679027780890465 0.07034708559513092
16 0.4504146873950958 0.7483847141265869 0.04191627725958824 0.07122684270143509
18 0.4474923312664032 0.49586179852485657 0.03594888374209404 0.07099643349647522
8 0.44916993379592896 0.3253243863582611 0.03974037244915962 0.07038305699825287
10 0.45075222849845886 0.2506940960884094 0.03724174574017525 0.06457768380641937
2 0.5128852128982544 0.20062647759914398 0.032862793654203415 0.0593312568962574
0 0.5149396061897278 0.5773552656173706 0.03624878078699112 0.07199706882238388
