1 0.42683717608451843 0.15740813314914703 0.03808651119470596 0.05767782777547836
3 0.4302842319011688 0.0957939550280571 0.03805446997284889 0.05446762964129448
6 0.41927650570869446 0.3978617191314697 0.043132878839969635 0.08730688691139221
4 0.4190919101238251 0.490011990070343 0.04281330481171608 0.08169111609458923
5 0.49027007818222046 0.4921306371688843 0.03977260738611221 0.07829098403453827
21 0.4657392203807831 0.4747422933578491 0.17303013801574707 0.935802161693573
20 0.4364096522331238 0.875469982624054 0.08546877652406693 0.0731455460190773
17 0.5093043446540833 0.8511740565299988 0.03541870415210724 0.06465691328048706
15 0.49354520440101624 0.7515140175819397 0.038675881922245026 0.07379251718521118
16 0.4236912131309509 0.7682178020477295 0.044744111597537994 0.07548116147518158
12 0.4193558692932129 0.586654543876648 0.04432983696460724 0.08497133105993271
14 0.42123863101005554 0.6813883185386658 0.043454743921756744 0.08308382332324982
0 0.49141639471054077 0.5820079445838928 0.03760134428739548 0.0746467262506485
8 0.42127755284309387 0.306484580039978 0.0416843444108963 0.07607588171958923
9 0.48999646306037903 0.3226592540740967 0.03800258785486221 0.06872100383043289
10 0.42376187443733215 0.2281978726387024 0.03956509009003639 0.06801097840070724
2 0.49108341336250305 0.17775048315525055 0.0377628356218338 0.06083916500210762
