6 0.3872144818305969 0.4883617162704468 0.040888406336307526 0.08226524293422699
3 0.40177100896835327 0.19049814343452454 0.03545033186674118 0.053861021995544434
14 0.3892565965652466 0.7493959069252014 0.041608814150094986 0.07626071572303772
17 0.475474089384079 0.9072973132133484 0.035393524914979935 0.06236249953508377
1 0.3973930776119232 0.25384461879730225 0.036010678857564926 0.05974486842751503
0 0.45526322722435 0.6601729393005371 0.03714132681488991 0.0719098150730133
21 0.4378923773765564 0.4956096410751343 0.1543980985879898 0.9588181972503662
2 0.4574565291404724 0.27129220962524414 0.036171916872262955 0.06187334284186363
16 0.39246559143066406 0.8299014568328857 0.04053885489702225 0.07031486928462982
4 0.3872445821762085 0.57352614402771 0.041578102856874466 0.0767754465341568
8 0.39137905836105347 0.4019335210323334 0.03540077432990074 0.0696699321269989
12 0.38694971799850464 0.662473201751709 0.041489604860544205 0.07724586874246597
20 0.4070959985256195 0.9268913865089417 0.08036718517541885 0.06647039204835892
10 0.39326000213623047 0.3234289586544037 0.03772589564323425 0.06795764714479446
15 0.457710862159729 0.816162109375 0.03727760538458824 0.06783277541399002
9 0.45499199628829956 0.4148886799812317 0.03665781393647194 0.06847618520259857
