1 0.4534955322742462 0.18299812078475952 0.034968506544828415 0.05713653564453125
6 0.44790613651275635 0.40978002548217773 0.041913796216249466 0.07714826613664627
3 0.4552716314792633 0.12242940068244934 0.03542909771203995 0.052279748022556305
14 0.44920113682746887 0.6661195158958435 0.040801431983709335 0.07811346650123596
12 0.44742539525032043 0.580878496170044 0.04191265255212784 0.0749596506357193
21 0.48096054792404175 0.45847660303115845 0.14373663067817688 0.9026200771331787
20 0.45993003249168396 0.8496130704879761 0.08081074059009552 0.0696750208735466
4 0.44784700870513916 0.4929482340812683 0.04077816382050514 0.07358771562576294
17 0.5283160209655762 0.8297083377838135 0.03378216549754143 0.06245218962430954
18 0.5142195820808411 0.5786619782447815 0.03158922493457794 0.06668277084827423
18 0.44745248556137085 0.49613475799560547 0.03582668676972389 0.06941358745098114
16 0.4502238631248474 0.7476993203163147 0.0421905554831028 0.07095641642808914
8 0.4490663707256317 0.32517361640930176 0.03969230875372887 0.0695205107331276
9 0.5137181282043457 0.414154976606369 0.03562355041503906 0.06954701989889145
10 0.45088645815849304 0.2507335841655731 0.037566058337688446 0.06390907615423203
2 0.5128791928291321 0.20047758519649506 0.03294983133673668 0.058985136449337006
15 0.5149920582771301 0.7360075116157532 0.03699932247400284 0.06945698708295822
