19 0.6064969897270203 0.43418222665786743 0.09715373069047928 0.1718495637178421
6 0.4479854702949524 0.41047218441963196 0.041520312428474426 0.07765418291091919
1 0.45363929867744446 0.18288598954677582 0.03476782143115997 0.05684814229607582
12 0.4473976492881775 0.5805605053901672 0.04207458719611168 0.07527397572994232
15 0.5147066116333008 0.7363808155059814 0.03624318540096283 0.07027316838502884
20 0.4599543809890747 0.849528968334198 0.08086052536964417 0.06969909369945526
3 0.455363392829895 0.1220838725566864 0.03520794212818146 0.05313822254538536
14 0.449175089597702 0.666250467300415 0.04069061577320099 0.07775420695543289
21 0.4830506443977356 0.45673641562461853 0.15517127513885498 0.9080268144607544
17 0.5285025835037231 0.8297827839851379 0.033712197095155716 0.06290385127067566
2 0.5129549503326416 0.2000778615474701 0.03254871442914009 0.058457862585783005
8 0.4488181471824646 0.32596877217292786 0.03540458902716637 0.0675705224275589
4 0.44790154695510864 0.4928213953971863 0.04085070639848709 0.07317233830690384
16 0.4503784477710724 0.7481669187545776 0.04165039211511612 0.07183227688074112
10 0.4507759213447571 0.25078755617141724 0.03716011345386505 0.06385910511016846
7 0.5129221081733704 0.41434940695762634 0.03456421196460724 0.0691034123301506
9 0.5132058262825012 0.3372315466403961 0.03422680124640465 0.06336870789527893
18 0.4475092887878418 0.49656692147254944 0.036024000495672226 0.06932386755943298
5 0.5135576725006104 0.49520283937454224 0.03426799923181534 0.07158660888671875
