3 0.4403775632381439 0.1303117871284485 0.03496141731739044 0.053851403295993805
12 0.43486425280570984 0.5776697397232056 0.04145260155200958 0.07534530013799667
6 0.4344474971294403 0.41128936409950256 0.039571382105350494 0.07387644052505493
20 0.45098572969436646 0.8376249670982361 0.07581139355897903 0.06707984209060669
1 0.4383620321750641 0.1897265762090683 0.034323979169130325 0.053693387657403946
4 0.43469345569610596 0.4916260838508606 0.04017334058880806 0.07316594570875168
21 0.4768553078174591 0.44989916682243347 0.15295729041099548 0.8830597996711731
14 0.4369628429412842 0.660938024520874 0.04135856777429581 0.07650813460350037
8 0.43596965074539185 0.3290706276893616 0.0369504950940609 0.07004490494728088
15 0.5019037127494812 0.7264997363090515 0.03669119253754616 0.06657274067401886
16 0.43903666734695435 0.7409103512763977 0.040143586695194244 0.07072516530752182
2 0.4973956346511841 0.2055903971195221 0.03358764946460724 0.056137509644031525
17 0.5172155499458313 0.8179681897163391 0.03315773233771324 0.06329667568206787
