3 0.4074862003326416 0.1165698766708374 0.03538952022790909 0.05700577422976494
1 0.40320178866386414 0.1784789115190506 0.03621934354305267 0.055171117186546326
6 0.38953492045402527 0.410983681678772 0.043264105916023254 0.08110520988702774
8 0.3941219449043274 0.3245519995689392 0.0389404334127903 0.0714094340801239
21 0.44243109226226807 0.4718431234359741 0.16173499822616577 0.9271196126937866
14 0.38908055424690247 0.6812888383865356 0.044725485146045685 0.0778418630361557
12 0.3873863220214844 0.5903627276420593 0.042589254677295685 0.07825464010238647
15 0.4580762982368469 0.7521321773529053 0.037892408668994904 0.07129482924938202
16 0.39102959632873535 0.7658851742744446 0.042078591883182526 0.07448916882276535
10 0.39763203263282776 0.2470642626285553 0.03824513778090477 0.06843981891870499
6 0.4584020972251892 0.42038649320602417 0.03870125114917755 0.07586359232664108
9 0.459410697221756 0.3407669961452484 0.036301616579294205 0.06595080345869064
20 0.40546953678131104 0.8679993748664856 0.08101565390825272 0.07107526808977127
4 0.38782262802124023 0.49970102310180664 0.04231414943933487 0.07712148129940033
17 0.47441333532333374 0.8488478064537048 0.03473701700568199 0.062124744057655334
2 0.4631800055503845 0.19859029352664948 0.03465099632740021 0.059191640466451645
0 0.456049382686615 0.5886678695678711 0.03765920177102089 0.07511698454618454
5 0.45697030425071716 0.5036656260490417 0.03736639395356178 0.07319813221693039
