12 0.43492501974105835 0.5774123668670654 0.04181576147675514 0.07541893422603607
20 0.451083779335022 0.8370420336723328 0.07604485005140305 0.06694234162569046
15 0.5017580389976501 0.7262283563613892 0.03659114986658096 0.06662715971469879
1 0.43855124711990356 0.18939971923828125 0.03361549600958824 0.053722549229860306
21 0.4970714747905731 0.44371557235717773 0.19308370351791382 0.8874311447143555
2 0.4972672760486603 0.20365943014621735 0.03340320661664009 0.058722175657749176
9 0.43340858817100525 0.40728455781936646 0.03787823021411896 0.06594221293926239
16 0.438959538936615 0.7403548955917358 0.040010835975408554 0.07060478627681732
14 0.4370400607585907 0.66021728515625 0.041642192751169205 0.0753885880112648
3 0.44004327058792114 0.1293058544397354 0.03441454842686653 0.05240292102098465
0 0.4999433755874634 0.5738038420677185 0.038229625672101974 0.07174625992774963
17 0.5170987248420715 0.8172832727432251 0.033275797963142395 0.06245625764131546
4 0.43508511781692505 0.49238264560699463 0.04007912054657936 0.07365668565034866
