6 0.4340420067310333 0.4114445149898529 0.04057445749640465 0.07431306689977646
8 0.4352794885635376 0.32883593440055847 0.03900489956140518 0.07060038298368454
1 0.43886709213256836 0.18907751142978668 0.03401527553796768 0.054078251123428345
12 0.4346003830432892 0.5774757862091064 0.041076090186834335 0.07554914802312851
21 0.4740445613861084 0.4502883851528168 0.14564365148544312 0.8822773098945618
3 0.440311074256897 0.1294483095407486 0.035529136657714844 0.05393439158797264
20 0.4503771960735321 0.8376568555831909 0.07703400403261185 0.06727226823568344
14 0.43668773770332336 0.6610031723976135 0.04000978544354439 0.07517632097005844
15 0.5018274784088135 0.7271890044212341 0.03665981441736221 0.06729668378829956
4 0.43454810976982117 0.49200624227523804 0.04074859991669655 0.07316894084215164
16 0.43877461552619934 0.7403199672698975 0.0403873473405838 0.06979098916053772
2 0.4974016547203064 0.20553545653820038 0.03329639509320259 0.05536261573433876
10 0.4367240071296692 0.25467443466186523 0.03700714185833931 0.06169626861810684
0 0.49961307644844055 0.5736101865768433 0.03696136549115181 0.07105933129787445
6 0.49839046597480774 0.4160941243171692 0.03773155435919762 0.07179915904998779
17 0.5161307454109192 0.8189961314201355 0.03296413645148277 0.06420660763978958
