15 0.5019705891609192 0.7261883020401001 0.03640652075409889 0.0672660544514656
12 0.434789776802063 0.5770697593688965 0.04101524502038956 0.07603799551725388
4 0.43483594059944153 0.4911253750324249 0.04001636803150177 0.0726718157529831
8 0.436250239610672 0.3287118673324585 0.03730030357837677 0.07082965970039368
6 0.43432480096817017 0.4104612469673157 0.03900528326630592 0.07411657273769379
9 0.49734774231910706 0.3401663303375244 0.035404205322265625 0.06441053748130798
20 0.4511092007160187 0.8370156288146973 0.07590895146131516 0.06693928688764572
14 0.43690168857574463 0.660549521446228 0.0411008857190609 0.07634514570236206
21 0.47455865144729614 0.4493497312068939 0.14814479649066925 0.8829801082611084
1 0.4389019012451172 0.1895095407962799 0.033104896545410156 0.054217103868722916
3 0.43973076343536377 0.12951625883579254 0.03570365905761719 0.05304192379117012
2 0.49739885330200195 0.20467643439769745 0.03418588638305664 0.057178836315870285
16 0.43909475207328796 0.7402742505073547 0.040034230798482895 0.07086334377527237
0 0.4998045265674591 0.5729709267616272 0.0372772254049778 0.07125961780548096
5 0.4981408417224884 0.4932754933834076 0.03592853620648384 0.07179949432611465
17 0.5163851380348206 0.8182536363601685 0.03301677852869034 0.06031731516122818
