6 0.43400657176971436 0.41101497411727905 0.040145400911569595 0.07537299394607544
8 0.43545210361480713 0.32850730419158936 0.03730602562427521 0.06943800300359726
20 0.4504830241203308 0.8373263478279114 0.07670870423316956 0.06702744960784912
12 0.43463996052742004 0.5767927169799805 0.041622355580329895 0.0737491175532341
1 0.43875840306282043 0.18876701593399048 0.034322548657655716 0.05435973033308983
15 0.5021112561225891 0.7269312143325806 0.03598060831427574 0.06734924018383026
21 0.4695670008659363 0.45031940937042236 0.13699468970298767 0.8833330869674683
4 0.43482014536857605 0.49248966574668884 0.04009580984711647 0.0729220062494278
14 0.4371618628501892 0.6610593199729919 0.04099375754594803 0.07514671236276627
2 0.4971604645252228 0.20534279942512512 0.03295593336224556 0.05552168935537338
3 0.43998822569847107 0.12921054661273956 0.03560972213745117 0.05436227470636368
0 0.499406099319458 0.5729755759239197 0.03785839304327965 0.07001399248838425
10 0.4366580545902252 0.25485748052597046 0.03691292181611061 0.061495378613471985
16 0.439208060503006 0.7409615516662598 0.040152743458747864 0.07032843679189682
17 0.5159710049629211 0.8180112838745117 0.033023834228515625 0.0623728409409523
19 0.5856220722198486 0.38833901286125183 0.1021985411643982 0.14931926131248474
