1 0.45366543531417847 0.1830928772687912 0.0350799560546875 0.05632100999355316
12 0.4475890100002289 0.5810234546661377 0.041701510548591614 0.07477733492851257
14 0.44932660460472107 0.665661633014679 0.04098024591803551 0.07760733366012573
3 0.45520681142807007 0.12234732508659363 0.03547821193933487 0.05301403999328613
4 0.44796890020370483 0.49194759130477905 0.040810778737068176 0.0738915354013443
17 0.5286034345626831 0.8297836184501648 0.03385620191693306 0.0619049072265625
6 0.44801440834999084 0.40963608026504517 0.04091377556324005 0.07635124772787094
20 0.4600231945514679 0.849442183971405 0.08111391216516495 0.0695732980966568
21 0.47998762130737305 0.46019259095191956 0.14466091990470886 0.9057496190071106
15 0.5148760080337524 0.7360169887542725 0.03627624735236168 0.07052306830883026
10 0.4510141611099243 0.2507871091365814 0.03715311735868454 0.0635344609618187
16 0.45015135407447815 0.7479451298713684 0.04199066385626793 0.07179316878318787
8 0.4487229287624359 0.3259980082511902 0.035303592681884766 0.06823442131280899
2 0.5131818056106567 0.20074929296970367 0.03236205130815506 0.057396866381168365
18 0.5141052603721619 0.579338550567627 0.032042503356933594 0.06808946281671524
18 0.4473998248577118 0.4953528344631195 0.03598003461956978 0.07036926597356796
