6 0.43414443731307983 0.41167736053466797 0.039806559681892395 0.07608659565448761
12 0.4348140060901642 0.5777697563171387 0.0412113219499588 0.07516501843929291
4 0.4350481331348419 0.49309098720550537 0.039861489087343216 0.073167584836483
8 0.4361315965652466 0.3285108208656311 0.03686148673295975 0.06997468322515488
21 0.47535717487335205 0.4502791166305542 0.1494653820991516 0.8835841417312622
1 0.4386145770549774 0.18980306386947632 0.034018710255622864 0.05347544327378273
20 0.45054304599761963 0.8378307819366455 0.0761323943734169 0.0669216588139534
3 0.4402007460594177 0.13004136085510254 0.03520393371582031 0.05377164110541344
14 0.4370955228805542 0.660809338092804 0.040883734822273254 0.07493941485881805
16 0.43887069821357727 0.7407716512680054 0.04022703319787979 0.07052645832300186
2 0.4975096881389618 0.2057291716337204 0.033901214599609375 0.056128181517124176
0 0.49975112080574036 0.5732311010360718 0.03719940409064293 0.07040150463581085
17 0.5161410570144653 0.8186543583869934 0.03310699760913849 0.06376037746667862
15 0.5017644762992859 0.7268000245094299 0.03688087686896324 0.06680026650428772
5 0.49825242161750793 0.4935322403907776 0.0361022986471653 0.07217511534690857
10 0.4365590214729309 0.2548755705356598 0.03650703653693199 0.06138275936245918
