6 0.43411046266555786 0.4115223288536072 0.0401916541159153 0.07645297795534134
12 0.43473494052886963 0.5771831274032593 0.04126148298382759 0.07550743967294693
3 0.4403229057788849 0.12977823615074158 0.03558769449591637 0.05449121072888374
8 0.4362841546535492 0.3286106586456299 0.037293244153261185 0.07036443799734116
20 0.45045894384384155 0.8376780152320862 0.07651310414075851 0.06710951030254364
21 0.4746398329734802 0.4502897262573242 0.14806385338306427 0.8836659789085388
1 0.43879052996635437 0.1895577758550644 0.033873941749334335 0.05323435366153717
14 0.43653520941734314 0.6606813669204712 0.04001589119434357 0.07443830370903015
2 0.4974932074546814 0.20569702982902527 0.03396167978644371 0.05632425844669342
4 0.4350588917732239 0.4919516444206238 0.04034939035773277 0.07287665456533432
16 0.4388245940208435 0.7399458289146423 0.040307555347681046 0.06992797553539276
15 0.5020511150360107 0.7267499566078186 0.03656025230884552 0.06684265285730362
17 0.516236424446106 0.8185847401618958 0.03338146209716797 0.06356896460056305
0 0.49980881810188293 0.5730902552604675 0.03726692497730255 0.07144910842180252
10 0.4368104338645935 0.2548927366733551 0.03685372695326805 0.0617099329829216
6 0.4978787302970886 0.4156920611858368 0.03743791952729225 0.07127074897289276
