8 0.43528538942337036 0.32801127433776855 0.03996620327234268 0.06927447766065598
6 0.43422168493270874 0.41030606627464294 0.04071083292365074 0.0741678848862648
1 0.4388476610183716 0.18843743205070496 0.03372275084257126 0.05439724400639534
12 0.4347379207611084 0.5779024362564087 0.04147997125983238 0.07514241337776184
17 0.5154849290847778 0.8192942142486572 0.029866792261600494 0.0619930662214756
21 0.47452324628829956 0.4514802098274231 0.14627867937088013 0.884588360786438
20 0.450731098651886 0.8375241756439209 0.07652296125888824 0.06779191642999649
4 0.4350118041038513 0.4932621717453003 0.04032612219452858 0.07584516704082489
9 0.49723756313323975 0.3401670455932617 0.03501739725470543 0.06550479680299759
2 0.4973006844520569 0.20475980639457703 0.03416776657104492 0.058656394481658936
14 0.4365479648113251 0.6609767079353333 0.04030228033661842 0.07573699951171875
15 0.5021287202835083 0.7272569537162781 0.035909272730350494 0.069261334836483
16 0.43928149342536926 0.7407503128051758 0.03994140774011612 0.07068531960248947
10 0.4364105463027954 0.2545412480831146 0.037207797169685364 0.062389541417360306
5 0.49860841035842896 0.4942839443683624 0.03634249418973923 0.07302194833755493
6 0.49804890155792236 0.4158940613269806 0.0372772254049778 0.07277221232652664
0 0.5004198551177979 0.5735369920730591 0.03829587623476982 0.0720810517668724
19 0.6130404472351074 0.8031563758850098 0.08471985161304474 0.17477348446846008
3 0.44014790654182434 0.12840355932712555 0.03527374565601349 0.052290428429841995
