1 0.43882039189338684 0.18907855451107025 0.033487703651189804 0.05423140153288841
6 0.4339892566204071 0.4104602336883545 0.039513397961854935 0.07437506318092346
8 0.4362635910511017 0.32830479741096497 0.037005554884672165 0.06988779455423355
4 0.4352175295352936 0.49238914251327515 0.04055042564868927 0.0745672956109047
12 0.4349803328514099 0.5774295926094055 0.041389405727386475 0.0753360316157341
21 0.4740568697452545 0.4496857821941376 0.14611442387104034 0.8822334408760071
20 0.4507710635662079 0.8372740149497986 0.07661057263612747 0.06738145649433136
15 0.5020776987075806 0.7264237999916077 0.036496926099061966 0.06644321233034134
9 0.49738675355911255 0.3401189148426056 0.03507843241095543 0.06589148938655853
0 0.49989521503448486 0.5729939341545105 0.037143900990486145 0.07159017026424408
14 0.43731626868247986 0.6603549122810364 0.04155998304486275 0.0758277028799057
16 0.43888697028160095 0.7396463751792908 0.0406247153878212 0.06973706930875778
2 0.4969986081123352 0.20485547184944153 0.03366832807660103 0.057512663304805756
5 0.4984894096851349 0.4938291609287262 0.03614940866827965 0.0717216208577156
3 0.44009459018707275 0.12958618998527527 0.03534279018640518 0.052345700562000275
17 0.5167416334152222 0.8176547288894653 0.03268146514892578 0.06263597309589386
10 0.4365190863609314 0.2546294927597046 0.03680000454187393 0.06150614470243454
6 0.4982985556125641 0.4158220589160919 0.03824348747730255 0.07194416970014572
