6 0.4338562488555908 0.4105726480484009 0.04060955345630646 0.07475246489048004
1 0.43866026401519775 0.18903350830078125 0.0345952995121479 0.054004669189453125
8 0.43497729301452637 0.32816076278686523 0.039543915539979935 0.07039695978164673
12 0.4344525635242462 0.5773621797561646 0.04119529947638512 0.07570687681436539
21 0.4738122224807739 0.4496826231479645 0.14508000016212463 0.8793534636497498
20 0.4505258798599243 0.8375505208969116 0.07703438401222229 0.06774020940065384
3 0.44021064043045044 0.12944629788398743 0.035783007740974426 0.05496050417423248
16 0.4387778639793396 0.7403435707092285 0.040444567799568176 0.069993756711483
4 0.43446972966194153 0.4920664429664612 0.04082336649298668 0.07390523701906204
14 0.436761736869812 0.6609031558036804 0.04016180336475372 0.07509901374578476
10 0.4365604519844055 0.2547365128993988 0.037383463233709335 0.06213326379656792
2 0.497313916683197 0.20569589734077454 0.033213045448064804 0.05573107302188873
0 0.49971532821655273 0.5737672448158264 0.03652219846844673 0.07049097120761871
19 0.6063298583030701 0.6856757998466492 0.0959281325340271 0.20370760560035706
5 0.4982752203941345 0.49352675676345825 0.03607838973402977 0.07232934236526489
17 0.5167320966720581 0.817990779876709 0.032975293695926666 0.0631646066904068
19 0.6031429171562195 0.6824578046798706 0.0944594144821167 0.13594935834407806
