16 0.3704826533794403 0.8348543643951416 0.04130071401596069 0.07289784401655197
3 0.3922807574272156 0.1707649976015091 0.036119017750024796 0.05618048831820488
1 0.38588467240333557 0.23473338782787323 0.03720245510339737 0.060874514281749725
21 0.4207189083099365 0.4987509250640869 0.16029053926467896 0.9661977887153625
14 0.3683672845363617 0.7513473629951477 0.041333772242069244 0.07957322895526886
2 0.4470515549182892 0.2596924304962158 0.03605194389820099 0.06287121027708054
5 0.43651068210601807 0.5736254453659058 0.038053516298532486 0.0768265351653099
15 0.4384823143482208 0.823692798614502 0.03915011137723923 0.07203470915555954
17 0.4550381004810333 0.9175949692726135 0.035825733095407486 0.06172434240579605
10 0.37320494651794434 0.38792920112609863 0.04022636637091637 0.07547974586486816
8 0.3703843653202057 0.47430136799812317 0.041596636176109314 0.08220890164375305
6 0.36793583631515503 0.56596839427948 0.04123195260763168 0.08128254860639572
20 0.385216623544693 0.9373326301574707 0.08124237507581711 0.06834208220243454
6 0.36948034167289734 0.47695550322532654 0.04126688838005066 0.08205275237560272
0 0.4366649091243744 0.6607832312583923 0.04028444364666939 0.07491816580295563
