3 0.3862910866737366 0.18588675558567047 0.0361507423222065 0.056054431945085526
1 0.3806210458278656 0.24926553666591644 0.03551826626062393 0.06101582571864128
14 0.3694485127925873 0.7466111779212952 0.03955249860882759 0.07653096318244934
21 0.41413047909736633 0.49672433733940125 0.15726996958255768 0.961288332939148
16 0.37246763706207275 0.8285032510757446 0.04033514857292175 0.07195626944303513
6 0.368278831243515 0.4823721945285797 0.0394628532230854 0.0794801190495491
10 0.3753073811531067 0.31842130422592163 0.03755728527903557 0.06596038490533829
5 0.43415331840515137 0.573917806148529 0.03651075437664986 0.07278792560100555
9 0.4359910488128662 0.41318240761756897 0.037179090082645416 0.06949327141046524
20 0.38820210099220276 0.925828218460083 0.07830874621868134 0.06664982438087463
6 0.36794358491897583 0.5700523257255554 0.03980264812707901 0.07925623655319214
2 0.44064900279045105 0.2685457468032837 0.036156464368104935 0.061607442796230316
17 0.4558423161506653 0.9067421555519104 0.03552837669849396 0.06077168509364128
8 0.37046003341674805 0.3973793685436249 0.03415966033935547 0.07059959322214127
15 0.4381824731826782 0.8145378828048706 0.03760815039277077 0.06824611872434616
0 0.4344059228897095 0.6576634645462036 0.03695373609662056 0.07163424789905548
18 0.4353228807449341 0.41003620624542236 0.03429597243666649 0.06223059818148613
