6 0.3921433687210083 0.4694288372993469 0.04228280484676361 0.07899203896522522
3 0.40751373767852783 0.17061904072761536 0.035410501062870026 0.058556366711854935
4 0.39129212498664856 0.5549915432929993 0.04152139276266098 0.07961747795343399
15 0.4594264030456543 0.8017559051513672 0.03732805326581001 0.07169291377067566
21 0.4412063956260681 0.48827457427978516 0.15814682841300964 0.9388958811759949
8 0.39467212557792664 0.38127079606056213 0.03807983547449112 0.07323260605335236
16 0.39457908272743225 0.8125754594802856 0.040238987654447556 0.0731048583984375
14 0.3920435905456543 0.7311496138572693 0.04163554683327675 0.07950812578201294
12 0.3902794122695923 0.644801139831543 0.04305855557322502 0.07838857918977737
9 0.4594651460647583 0.3977922201156616 0.036004070192575455 0.06953141838312149
1 0.40373823046684265 0.23443399369716644 0.03518199920654297 0.05874372273683548
2 0.46344292163848877 0.25488799810409546 0.037195779383182526 0.06094969063997269
0 0.45799028873443604 0.6438573598861694 0.03846321254968643 0.07465159147977829
17 0.4760594964027405 0.895028829574585 0.0343807227909565 0.06162957102060318
10 0.3991781771183014 0.3034224808216095 0.03950125724077225 0.06822501122951508
20 0.4074271321296692 0.9141536951065063 0.0819280669093132 0.06808511167764664
5 0.45738357305526733 0.5601101517677307 0.03733622282743454 0.07463023066520691
7 0.45823168754577637 0.47649163007736206 0.03766174614429474 0.07319045066833496
13 0.45819801092147827 0.7261935472488403 0.03885790705680847 0.07712379842996597
