15 0.5148775577545166 0.7359164357185364 0.03613949194550514 0.07146267592906952
1 0.453604519367218 0.1832093596458435 0.0348690040409565 0.057194389402866364
6 0.44825053215026855 0.4091453552246094 0.04148130491375923 0.07775133103132248
21 0.4983476996421814 0.4569927453994751 0.17757047712802887 0.9003153443336487
12 0.4476800262928009 0.5812146663665771 0.042351532727479935 0.07599996030330658
14 0.44901296496391296 0.6665065884590149 0.04075489193201065 0.07791273295879364
17 0.5284813046455383 0.8298056721687317 0.03356209024786949 0.06229247897863388
3 0.4552682042121887 0.12296344339847565 0.035681918263435364 0.05235724896192551
20 0.459855854511261 0.8495357632637024 0.08105755597352982 0.0696936696767807
16 0.450256884098053 0.7473552823066711 0.04181938245892525 0.07217542827129364
4 0.4486415982246399 0.4925394654273987 0.04087206721305847 0.07519850134849548
8 0.4491559565067291 0.32507821917533875 0.03979330137372017 0.07050645351409912
2 0.513092041015625 0.2004636526107788 0.033564504235982895 0.05906829610466957
10 0.4508639872074127 0.25089335441589355 0.036959458142519 0.06410454213619232
0 0.514815092086792 0.5786013007164001 0.035673588514328 0.07141678035259247
10 0.4493666887283325 0.3245637118816376 0.039266590029001236 0.06989508867263794
