3 0.4623090922832489 0.12370562553405762 0.03705501928925514 0.05548892542719841
21 0.501971423625946 0.45868581533432007 0.17315715551376343 0.8997661471366882
6 0.453722208738327 0.412145733833313 0.04259701073169708 0.07979533076286316
12 0.4515702426433563 0.581972599029541 0.04332161322236061 0.07532252371311188
2 0.5195901989936829 0.2030622661113739 0.035897448658943176 0.06015031412243843
17 0.5296609997749329 0.8338056802749634 0.034081269055604935 0.06255561113357544
16 0.4531659483909607 0.7495444416999817 0.042313579469919205 0.072603240609169
15 0.5176758170127869 0.7395224571228027 0.03684285655617714 0.06963896751403809
8 0.4559333324432373 0.3272356688976288 0.036336902529001236 0.07006434351205826
4 0.4537031948566437 0.49459171295166016 0.04221763834357262 0.07586076110601425
20 0.46268826723098755 0.8518378138542175 0.07876472920179367 0.06836242228746414
14 0.4523553252220154 0.6692262291908264 0.043274689465761185 0.07798880338668823
5 0.519090473651886 0.5001736283302307 0.03655913844704628 0.07324305921792984
10 0.4574022591114044 0.2525748014450073 0.03771839290857315 0.06442739814519882
1 0.4604162573814392 0.18596653640270233 0.035906221717596054 0.05684981122612953
18 0.5187963843345642 0.5808560252189636 0.03339691460132599 0.06990864872932434
