21 0.4785762034715757 0.4608467451566317 0.16 0.89
20 0.4500619346017881 0.8526007204616314 0.07818433839796414 0.06649912860909737
17 0.5197651097375974 0.835574914990798 0.03401858664149078 0.0698046601442364
16 0.4397452588949263 0.7529098449866661 0.041002095745922056 0.0715853656913195
15 0.505402343803222 0.7414800760849647 0.03750695873451404 0.06991376291777769
14 0.4399714960285599 0.6708604111910759 0.04452429243086951 0.07950696846486113
13 0.5056522581512024 0.6648993922893744 0.037547548244822995 0.07928876291777787
12 0.4390180301685569 0.5849410949866661 0.042205475953905565 0.08099673328249998
0 0.5058649654480663 0.5797249584937842 0.04103592033784612 0.07939786569131932
4 0.43922735500622834 0.4989854111910759 0.0410223905010766 0.0762728656913195
5 0.5055267195288247 0.5015999584937841 0.038683279268957975 0.07307513050895835
6 0.44002822257031426 0.4153552935998953 0.04455135210440882 0.08575696846486114
7 0.5069123649009403 0.41873290710701333 0.03634416803683962 0.06987739532659729
8 0.4419783509953049 0.32856380841753424 0.039805480456323566 0.06373649810013893
9 0.5071588967897283 0.3413709733114231 0.03631034344491542 0.06206489532659729
10 0.44572340235469343 0.2534365218484023 0.036317108363300314 0.0636273953265972
11 0.5050899946607448 0.26642552469819386 0.03395770237602728 0.05574216014423614
1 0.44601728867217527 0.187012088052812 0.036290048689761004 0.05737739532659729
2 0.5088925478264044 0.20457948812906193 0.03512725799208659 0.057341027735416716
3 0.4509995448314714 0.12903593389249948 0.04211753201490262 0.060684233282500034
19 0.5797651097375974 0.845574914990798 0.15 0.2
