6 0.4341442883014679 0.4120240807533264 0.040231991559267044 0.07499627023935318
12 0.43496936559677124 0.5772136449813843 0.04122098535299301 0.07577655464410782
4 0.43488210439682007 0.4929381012916565 0.039998628199100494 0.07364236563444138
1 0.43894797563552856 0.18963129818439484 0.03381195291876793 0.053633369505405426
8 0.4360543489456177 0.328683465719223 0.03733539953827858 0.07072377949953079
21 0.4733717143535614 0.4502798914909363 0.1451164335012436 0.8832009434700012
20 0.4505164325237274 0.837614119052887 0.0766906812787056 0.06721394509077072
14 0.4369738698005676 0.6608474850654602 0.040832459926605225 0.07531455904245377
16 0.43878766894340515 0.7406038045883179 0.039910320192575455 0.06978069990873337
3 0.4402956962585449 0.12998664379119873 0.034613803029060364 0.05291469022631645
2 0.49750036001205444 0.20544975996017456 0.033753205090761185 0.055932898074388504
0 0.49965450167655945 0.5731965899467468 0.03733094781637192 0.07042880356311798
15 0.5017550587654114 0.7263882160186768 0.03652350232005119 0.06647677719593048
17 0.5160859823226929 0.8186382055282593 0.033201027661561966 0.06375782936811447
10 0.43670159578323364 0.25493520498275757 0.03690223768353462 0.06151699274778366
