6 0.4341292679309845 0.4110906720161438 0.03993307799100876 0.07412634789943695
12 0.4347380995750427 0.5767351388931274 0.04143486171960831 0.07668016105890274
8 0.4354908764362335 0.3279761075973511 0.039026644080877304 0.07134857028722763
9 0.49748918414115906 0.34045153856277466 0.035585787147283554 0.06537927687168121
4 0.43503955006599426 0.4925280511379242 0.04008623957633972 0.07415754348039627
1 0.4387972950935364 0.18900209665298462 0.033826638013124466 0.05461747944355011
21 0.47672268748283386 0.4497053921222687 0.15324260294437408 0.8829532265663147
20 0.45048803091049194 0.8374326825141907 0.07652474194765091 0.06679008901119232
3 0.44001349806785583 0.129014253616333 0.03579387813806534 0.05412859469652176
15 0.5020388960838318 0.7265977263450623 0.03673610836267471 0.06659816950559616
14 0.43709391355514526 0.6605891585350037 0.04092884436249733 0.07523486763238907
2 0.49741995334625244 0.2057362049818039 0.033753395080566406 0.05633409321308136
16 0.43876421451568604 0.739783763885498 0.040547944605350494 0.06975063681602478
5 0.4982159733772278 0.49294787645339966 0.03620624914765358 0.07178819179534912
17 0.515934407711029 0.8182125091552734 0.03275184705853462 0.06271734833717346
0 0.4997338652610779 0.5729243159294128 0.037697602063417435 0.07101033627986908
10 0.4366295337677002 0.2547973692417145 0.03683300316333771 0.06106998026371002
6 0.4983684718608856 0.4157252013683319 0.03808918222784996 0.07147403061389923
