3 0.40745648741722107 0.11736974120140076 0.03563117980957031 0.05541696026921272
1 0.40291160345077515 0.1786961853504181 0.035660743713378906 0.05529496818780899
21 0.4416165351867676 0.4711243212223053 0.1571926474571228 0.9252274036407471
6 0.3897901177406311 0.41102227568626404 0.04304924234747887 0.08223775029182434
16 0.3912557065486908 0.7654128670692444 0.042228031903505325 0.07408006489276886
12 0.3872196078300476 0.5917558073997498 0.04196071997284889 0.08061093837022781
8 0.3937624990940094 0.3231048882007599 0.03705291822552681 0.07125701755285263
14 0.38924917578697205 0.6813839077949524 0.04378862679004669 0.07909110933542252
6 0.45806974172592163 0.4201725423336029 0.03896293789148331 0.0759303867816925
20 0.40533697605133057 0.8683193325996399 0.08093990385532379 0.07113850861787796
15 0.4586171507835388 0.7522310018539429 0.03913917765021324 0.07136094570159912
4 0.38783589005470276 0.5002426505088806 0.042668916285037994 0.07890991866588593
10 0.3934401273727417 0.3233966827392578 0.03912197798490524 0.07165598124265671
0 0.4563615918159485 0.5881022214889526 0.037908557802438736 0.07379251718521118
