3 0.40767449140548706 0.11624205857515335 0.03533478081226349 0.057875122874975204
1 0.40309661626815796 0.17832133173942566 0.03597453609108925 0.05534735694527626
21 0.44169244170188904 0.47259774804115295 0.1609761267900467 0.9292348027229309
12 0.3874669671058655 0.5914484262466431 0.04196704551577568 0.08022138476371765
8 0.3937903940677643 0.32324346899986267 0.037170156836509705 0.07209845632314682
6 0.38972505927085876 0.41040539741516113 0.04367570951581001 0.08119777590036392
16 0.3911491632461548 0.7656314373016357 0.04192454367876053 0.07432962954044342
14 0.3887803852558136 0.6811957359313965 0.04304587095975876 0.07852070778608322
15 0.45802146196365356 0.7524449825286865 0.038236428052186966 0.07126464694738388
20 0.40562617778778076 0.8680284023284912 0.081500343978405 0.07163120061159134
9 0.4595889449119568 0.34031856060028076 0.03602327033877373 0.06695734709501266
10 0.39749833941459656 0.2471465766429901 0.03795458748936653 0.0667787492275238
4 0.38784584403038025 0.4997512102127075 0.042536865919828415 0.07758927345275879
6 0.45830994844436646 0.4197029769420624 0.038551077246665955 0.07498225569725037
5 0.4571554362773895 0.5030182600021362 0.03741283714771271 0.0737747997045517
10 0.3933785855770111 0.32353857159614563 0.039675429463386536 0.07251908630132675
13 0.4577424228191376 0.6723712086677551 0.03764839470386505 0.07635260373353958
0 0.45619282126426697 0.5886574983596802 0.03801555931568146 0.07560424506664276
2 0.463306725025177 0.19837985932826996 0.03442707285284996 0.05901150032877922
17 0.47433531284332275 0.8489155769348145 0.03435249626636505 0.06263630837202072
