1 0.40307074785232544 0.17826110124588013 0.035753823816776276 0.05532192438840866
3 0.40741655230522156 0.11677132546901703 0.035880059003829956 0.056792646646499634
21 0.44286826252937317 0.47337475419044495 0.16266292333602905 0.9308257699012756
12 0.3873760998249054 0.5899918675422668 0.042014218866825104 0.07860095798969269
16 0.39111125469207764 0.7654286623001099 0.04205293953418732 0.07401416450738907
6 0.38970884680747986 0.41046422719955444 0.04318857565522194 0.08123677223920822
14 0.38906052708625793 0.6809884309768677 0.04337196424603462 0.07815077155828476
8 0.39377927780151367 0.32299497723579407 0.037215299904346466 0.07200837135314941
9 0.4596810042858124 0.34041261672973633 0.036005593836307526 0.06693203002214432
20 0.4055556058883667 0.8682342171669006 0.08142576366662979 0.07138095051050186
4 0.38821494579315186 0.49978217482566833 0.0422363318502903 0.0775832012295723
13 0.45762503147125244 0.6723036170005798 0.03742656856775284 0.0756148174405098
10 0.39723169803619385 0.24725691974163055 0.03861144557595253 0.0669521614909172
15 0.4589020907878876 0.7525327801704407 0.03832429274916649 0.07234779745340347
5 0.4568726718425751 0.5034336447715759 0.03736375272274017 0.0736023485660553
0 0.4568134546279907 0.5885913968086243 0.03739560768008232 0.07375963032245636
2 0.4632876515388489 0.1980096846818924 0.03456917032599449 0.05892558395862579
17 0.4742235243320465 0.849057674407959 0.034087564796209335 0.0625525563955307
10 0.3933623731136322 0.32333898544311523 0.039683058857917786 0.07250817865133286
6 0.45825430750846863 0.41942739486694336 0.03835621103644371 0.07534173876047134
