6 0.43408116698265076 0.41212156414985657 0.04025574028491974 0.07568952441215515
12 0.4348103702068329 0.5775301456451416 0.04127979651093483 0.07546934485435486
1 0.43897390365600586 0.18946637213230133 0.03359489515423775 0.05365138500928879
4 0.4348304867744446 0.49276337027549744 0.03993416205048561 0.07354041188955307
20 0.45054924488067627 0.8375071287155151 0.0765255019068718 0.06692199409008026
8 0.43603116273880005 0.3282769024372101 0.03744468837976456 0.07029099762439728
21 0.47416672110557556 0.45030662417411804 0.14739857614040375 0.8823660016059875
3 0.4403165280818939 0.12989121675491333 0.03536377102136612 0.053014691919088364
15 0.5018494129180908 0.7265421152114868 0.03667793422937393 0.067552350461483
14 0.4368393123149872 0.6609451174736023 0.04122721403837204 0.07546442747116089
16 0.4388695955276489 0.7405602931976318 0.04012680426239967 0.0699310302734375
0 0.49962207674980164 0.5731498599052429 0.03697853162884712 0.0707395151257515
17 0.5161008238792419 0.8185310959815979 0.03303241729736328 0.06359738856554031
2 0.49742263555526733 0.2057238221168518 0.03360557556152344 0.055672794580459595
10 0.4367278218269348 0.25503042340278625 0.03706512600183487 0.06185382977128029
