3 0.42567703127861023 0.1007002517580986 0.03814735636115074 0.054048698395490646
6 0.41512531042099 0.4007698893547058 0.0452287383377552 0.08363410085439682
14 0.4178432822227478 0.6780073046684265 0.0421949103474617 0.07991677522659302
4 0.41528698801994324 0.48987624049186707 0.043282415717840195 0.07911283522844315
21 0.4574461579322815 0.47366663813591003 0.1771581768989563 0.9337234497070312
12 0.41518932580947876 0.5847281813621521 0.04524259641766548 0.08245442807674408
8 0.41783541440963745 0.3114325702190399 0.04023037105798721 0.07373131811618805
20 0.4346010386943817 0.8686769008636475 0.08504826575517654 0.07606980949640274
1 0.42307254672050476 0.16275300085544586 0.03627662733197212 0.05926208570599556
9 0.48556357622146606 0.32554078102111816 0.03817806392908096 0.06991712749004364
17 0.5052874088287354 0.8432676196098328 0.03458385542035103 0.06677517294883728
2 0.485361784696579 0.18209634721279144 0.034816425293684006 0.05982937291264534
5 0.4854004979133606 0.49257761240005493 0.038390543311834335 0.07577921450138092
16 0.4207654297351837 0.7623055577278137 0.042644184082746506 0.07623138278722763
10 0.4198053479194641 0.23186874389648438 0.03891945257782936 0.06661248207092285
