6 0.41530904173851013 0.4008406698703766 0.04522136226296425 0.08346439152956009
3 0.42577630281448364 0.10103815048933029 0.03728542476892471 0.05310513451695442
14 0.41833657026290894 0.6775228977203369 0.04159282147884369 0.08015798032283783
4 0.41511645913124084 0.48963215947151184 0.04332170635461807 0.07909681648015976
21 0.45786356925964355 0.47341981530189514 0.1765718162059784 0.9356625080108643
1 0.4231497049331665 0.16296648979187012 0.03649482876062393 0.05956775322556496
17 0.5053807497024536 0.8433264493942261 0.03472175821661949 0.06711968034505844
12 0.41527530550956726 0.584499180316925 0.04444955289363861 0.0820329412817955
2 0.4853150546550751 0.18185721337795258 0.034781839698553085 0.06092071533203125
20 0.4346863627433777 0.8679038286209106 0.08420372754335403 0.07554355263710022
8 0.4179685711860657 0.3109561800956726 0.040332987904548645 0.07520712167024612
9 0.48564648628234863 0.32548201084136963 0.03811664879322052 0.0697450116276741
5 0.48552489280700684 0.4926814138889313 0.038524724543094635 0.07524498552083969
10 0.4196804165840149 0.23168139159679413 0.038942910730838776 0.06548943370580673
16 0.42080193758010864 0.7619443535804749 0.04235668480396271 0.07634412497282028
