1 0.45360425114631653 0.1831517070531845 0.035498812794685364 0.05664180964231491
6 0.448152095079422 0.4093182682991028 0.04187775030732155 0.07688327133655548
21 0.49767830967903137 0.45614978671073914 0.17625384032726288 0.898722231388092
3 0.45528751611709595 0.12243279069662094 0.03578672558069229 0.052692919969558716
17 0.5285903811454773 0.8298647403717041 0.033796027302742004 0.06212463229894638
15 0.5149946212768555 0.7363909482955933 0.0368417426943779 0.0706108957529068
14 0.4492228627204895 0.666456401348114 0.04108448326587677 0.07719703763723373
12 0.4476921558380127 0.5811021327972412 0.04204883798956871 0.07546335458755493
20 0.45990997552871704 0.849683403968811 0.08135328441858292 0.06984947621822357
4 0.44840529561042786 0.49233758449554443 0.04117889702320099 0.07542436569929123
10 0.4510767161846161 0.25103020668029785 0.037330057471990585 0.06510457396507263
16 0.4504185914993286 0.7479914426803589 0.04243145138025284 0.07201877236366272
8 0.449126660823822 0.32514843344688416 0.03992500528693199 0.06946410983800888
0 0.5147366523742676 0.5785512328147888 0.03596382215619087 0.07207279652357101
