8 0.4356536269187927 0.3292568624019623 0.03852291405200958 0.0708124190568924
6 0.43444329500198364 0.4120210111141205 0.040283966809511185 0.07430131733417511
12 0.4348694980144501 0.5773223638534546 0.041422273963689804 0.07583363354206085
3 0.4403291940689087 0.13073411583900452 0.0345342643558979 0.0534626841545105
1 0.4387337863445282 0.18980082869529724 0.03479347378015518 0.0527014397084713
4 0.43490928411483765 0.49157968163490295 0.04030437767505646 0.0729166641831398
20 0.45122748613357544 0.8373979330062866 0.07652530819177628 0.06732267886400223
21 0.4733506739139557 0.4518771767616272 0.145276740193367 0.8854597210884094
14 0.4366430640220642 0.6611471176147461 0.04042918235063553 0.07511427253484726
2 0.49758225679397583 0.20586664974689484 0.03410123288631439 0.056128013879060745
5 0.4982805550098419 0.49362713098526 0.0366186797618866 0.07060544192790985
16 0.4393264353275299 0.7404122948646545 0.03899994120001793 0.07023637741804123
10 0.436983585357666 0.2554285526275635 0.03701009973883629 0.06204986572265625
8 0.4979506731033325 0.34023573994636536 0.03589611127972603 0.06370069831609726
