3 0.40766382217407227 0.11631660163402557 0.03550224378705025 0.057901982218027115
1 0.40316078066825867 0.1784602701663971 0.03613300621509552 0.054966989904642105
21 0.44303229451179504 0.4718865752220154 0.16413705050945282 0.9281913042068481
6 0.3894902765750885 0.4104710817337036 0.04350042715668678 0.08133510500192642
8 0.3937627375125885 0.3229560852050781 0.0371372252702713 0.07246296852827072
12 0.3871975839138031 0.5915802121162415 0.04218559339642525 0.07982561737298965
16 0.3912584185600281 0.7655805945396423 0.04154186323285103 0.07402513176202774
14 0.38881227374076843 0.6812672019004822 0.04297390207648277 0.07877638190984726
9 0.45975953340530396 0.340652734041214 0.03613586723804474 0.06682594865560532
20 0.4055193364620209 0.8681104779243469 0.08129673451185226 0.0712958425283432
10 0.39382147789001465 0.3229282796382904 0.039712559431791306 0.07292520254850388
10 0.39746296405792236 0.24684666097164154 0.038082316517829895 0.06720846891403198
4 0.38794729113578796 0.49954935908317566 0.042809680104255676 0.0769827663898468
5 0.45709028840065 0.5031586289405823 0.03762779384851456 0.07389254868030548
15 0.4589128792285919 0.7521387338638306 0.03812237083911896 0.07111138105392456
17 0.4742158353328705 0.8487016558647156 0.03403806686401367 0.06239522248506546
2 0.4633369743824005 0.19825299084186554 0.0349884033203125 0.05927279219031334
