6 0.37284985184669495 0.49891141057014465 0.04249928891658783 0.08400794118642807
14 0.37199699878692627 0.770490825176239 0.043118350207805634 0.07967495173215866
3 0.3949229121208191 0.19086964428424835 0.03615633770823479 0.055342864245176315
16 0.3746003806591034 0.853489339351654 0.04234037548303604 0.0720774307847023
21 0.42423149943351746 0.5040987730026245 0.15505731105804443 0.9770042896270752
15 0.44226717948913574 0.8419424891471863 0.03869447857141495 0.06979426741600037
1 0.3896050751209259 0.25539180636405945 0.03536949306726456 0.059824440628290176
9 0.4443204998970032 0.4273677468299866 0.037179313600063324 0.07039464265108109
8 0.37533724308013916 0.40723198652267456 0.03594795987010002 0.07605195045471191
20 0.38982880115509033 0.9541922211647034 0.08083807677030563 0.06725119054317474
5 0.44192829728126526 0.5947128534317017 0.038582805544137955 0.07637616991996765
2 0.44959014654159546 0.27900242805480957 0.03704395517706871 0.06022610142827034
12 0.3706498146057129 0.6812551617622375 0.04246187582612038 0.0825168713927269
6 0.3718779385089874 0.5894328355789185 0.04248638451099396 0.07971394807100296
10 0.38223132491111755 0.3268645107746124 0.03956051170825958 0.07100663334131241
17 0.45862868428230286 0.9355276823043823 0.034753039479255676 0.06016404926776886
10 0.377707302570343 0.40700283646583557 0.04282481223344803 0.07706145942211151
0 0.4406748116016388 0.6797425746917725 0.03950920328497887 0.07167753577232361
6 0.4431169033050537 0.5089860558509827 0.03819170221686363 0.07851884514093399
