8 0.4349691569805145 0.32826969027519226 0.03941307216882706 0.07025553286075592
6 0.4338684380054474 0.41028568148612976 0.03998527675867081 0.07321251928806305
3 0.44036367535591125 0.12899106740951538 0.035651590675115585 0.053905706852674484
12 0.4343472719192505 0.5768532156944275 0.041541483253240585 0.07649869471788406
1 0.4387025237083435 0.18900035321712494 0.03436775505542755 0.054215580224990845
9 0.4973994493484497 0.3405285179615021 0.035208895802497864 0.06507706642150879
20 0.45050522685050964 0.8374963998794556 0.07710686326026917 0.0670267716050148
4 0.434732586145401 0.49182263016700745 0.040499404072761536 0.07402456551790237
21 0.47373488545417786 0.4491330087184906 0.1460464596748352 0.8796640634536743
19 0.5992969870567322 0.6658684611320496 0.11281236261129379 0.2694176435470581
2 0.4974173903465271 0.20583389699459076 0.033838845789432526 0.055853523313999176
16 0.4387447237968445 0.7398215532302856 0.040183451026678085 0.06942149996757507
14 0.4366053342819214 0.6608641743659973 0.040166761726140976 0.07526753842830658
10 0.4365289807319641 0.2548990249633789 0.03732128441333771 0.062432099133729935
0 0.49999359250068665 0.573305070400238 0.03734960779547691 0.07096794992685318
17 0.5165503025054932 0.8181684613227844 0.03260097652673721 0.0642903670668602
6 0.49787405133247375 0.4161979556083679 0.03730793297290802 0.07228393107652664
