6 0.43410420417785645 0.41103965044021606 0.040165141224861145 0.07463633269071579
8 0.4353286921977997 0.328213095664978 0.03907661512494087 0.07057373225688934
12 0.4348387122154236 0.5769999623298645 0.0412445105612278 0.0761801227927208
1 0.4388130307197571 0.18909169733524323 0.034078408032655716 0.05438707023859024
9 0.49748432636260986 0.34059301018714905 0.035442352294921875 0.06506593525409698
4 0.43511879444122314 0.49256631731987 0.040159229189157486 0.07413974404335022
20 0.4504947066307068 0.8375876545906067 0.07643833756446838 0.06677856296300888
21 0.47435420751571655 0.4500962197780609 0.146800234913826 0.8841418623924255
3 0.4400329887866974 0.12909260392189026 0.03593076393008232 0.05393655598163605
2 0.49737513065338135 0.2056632936000824 0.03373775631189346 0.056675635278224945
15 0.5019553303718567 0.7264283895492554 0.03654937818646431 0.06697466969490051
14 0.43692582845687866 0.6603223085403442 0.04085121303796768 0.07505752891302109
16 0.4388609826564789 0.7401120662689209 0.04015341028571129 0.0697021484375
0 0.4996563196182251 0.5730047225952148 0.03737697750329971 0.07105763256549835
10 0.4365848898887634 0.25473955273628235 0.03723011165857315 0.06153377890586853
17 0.5159279704093933 0.81842041015625 0.03301086649298668 0.06300930678844452
6 0.49826404452323914 0.4158683717250824 0.03780651465058327 0.07169359177350998
5 0.49838724732398987 0.493600457906723 0.03638467937707901 0.07195818424224854
