3 0.40728113055229187 0.1166926771402359 0.035670727491378784 0.05683587118983269
1 0.4031841456890106 0.1786375194787979 0.03643973916769028 0.055260468274354935
6 0.3895709216594696 0.41095563769340515 0.043771300464868546 0.08091583102941513
8 0.3940964937210083 0.3246379494667053 0.03881454840302467 0.07198554277420044
21 0.4418042004108429 0.471782922744751 0.1613994985818863 0.9282548427581787
12 0.3876296281814575 0.590617299079895 0.042600441724061966 0.07838422805070877
14 0.3886667490005493 0.6811614632606506 0.04392039030790329 0.07765508443117142
6 0.4583631753921509 0.4202878177165985 0.03850746527314186 0.07550048828125
16 0.3910808265209198 0.7658448815345764 0.041807305067777634 0.07410278171300888
15 0.45795032382011414 0.7521219849586487 0.03819580376148224 0.07065396010875702
9 0.4596608281135559 0.34072113037109375 0.03630371391773224 0.06680537760257721
10 0.39757928252220154 0.24731162190437317 0.03853921964764595 0.06848695129156113
20 0.4053058326244354 0.8681893348693848 0.08060351014137268 0.07108357548713684
5 0.4570099115371704 0.5034533143043518 0.03724518045783043 0.0736551359295845
4 0.38782361149787903 0.499879390001297 0.043058399111032486 0.07721153646707535
17 0.4743936359882355 0.848978579044342 0.034734535962343216 0.06304236501455307
2 0.46334126591682434 0.1986256092786789 0.035158921033144 0.059653159230947495
