8 0.43525946140289307 0.3280823528766632 0.03913675993680954 0.0693741962313652
6 0.43413621187210083 0.41043388843536377 0.0400848425924778 0.07385728508234024
1 0.4390459358692169 0.1886511892080307 0.03352101892232895 0.05486263707280159
12 0.4347868859767914 0.5775730013847351 0.041471198201179504 0.0753818079829216
3 0.44003191590309143 0.12838417291641235 0.03583564981818199 0.05361425504088402
21 0.47437918186187744 0.4494995176792145 0.14578120410442352 0.8810387253761292
9 0.4973936378955841 0.3403715193271637 0.03500423580408096 0.06541632115840912
4 0.4351195693016052 0.492696613073349 0.04044513776898384 0.07478897273540497
15 0.5019659399986267 0.7264599204063416 0.03630733862519264 0.06762085109949112
20 0.450562983751297 0.8371641039848328 0.07641125470399857 0.06706034392118454
2 0.4972456991672516 0.20466193556785583 0.034033969044685364 0.058494310826063156
16 0.43883317708969116 0.7399656772613525 0.04048347845673561 0.07017703354358673
14 0.43707364797592163 0.6604267358779907 0.04136314615607262 0.0765475258231163
0 0.4998834729194641 0.5732578039169312 0.03702952340245247 0.0715213343501091
10 0.43655142188072205 0.25462740659713745 0.037278369069099426 0.0617310106754303
5 0.49880507588386536 0.4935356378555298 0.036383822560310364 0.07242363691329956
17 0.5167329907417297 0.8174514174461365 0.032508280128240585 0.06231892853975296
6 0.498353511095047 0.41574952006340027 0.03793926537036896 0.07171817123889923
