3 0.42636796832084656 0.10116501897573471 0.03835652768611908 0.054219119250774384
14 0.4182679355144501 0.6783723831176758 0.041617777198553085 0.07920153439044952
6 0.41528555750846863 0.4010807275772095 0.04526272043585777 0.0842030793428421
4 0.4154221713542938 0.4900343716144562 0.04334380105137825 0.08070302754640579
17 0.5059921145439148 0.842878520488739 0.03562336042523384 0.06549885869026184
1 0.42299455404281616 0.16368605196475983 0.037023164331912994 0.05838565155863762
21 0.4581449031829834 0.47300729155540466 0.17692652344703674 0.9347572922706604
5 0.485660582780838 0.49240654706954956 0.03828106075525284 0.07607614248991013
8 0.4181871712207794 0.3117643892765045 0.039731983095407486 0.07466334104537964
20 0.4345073997974396 0.8680901527404785 0.08405021578073502 0.07553642988204956
2 0.4853898286819458 0.1819574236869812 0.03554248809814453 0.060185495764017105
12 0.41503050923347473 0.5856807827949524 0.04543056711554527 0.0833197683095932
9 0.48554593324661255 0.32538166642189026 0.03781280666589737 0.06980437785387039
10 0.4198642075061798 0.23194105923175812 0.038576889783144 0.06563062220811844
16 0.42131438851356506 0.7629514932632446 0.042093660682439804 0.0760786235332489
11 0.4852145314216614 0.2504054307937622 0.03652019798755646 0.064733125269413
