6 0.4341166615486145 0.410858154296875 0.03990891948342323 0.07441643625497818
12 0.4346011281013489 0.5769693851470947 0.04120044782757759 0.07531331479549408
20 0.4507012665271759 0.8369671106338501 0.0766422301530838 0.06709221750497818
4 0.4351792633533478 0.49146953225135803 0.03987738490104675 0.07333492487668991
8 0.43624183535575867 0.32842203974723816 0.03746242821216583 0.07035268098115921
21 0.47457239031791687 0.4494381248950958 0.14809243381023407 0.8820881843566895
15 0.5017454624176025 0.7262133955955505 0.03667125850915909 0.06747334450483322
1 0.4387141466140747 0.18899793922901154 0.03322258219122887 0.05470835417509079
9 0.49746331572532654 0.3401692807674408 0.03530073165893555 0.06586591899394989
14 0.43682587146759033 0.6606565117835999 0.04089203104376793 0.07621725648641586
2 0.4973835349082947 0.20553627610206604 0.033994805067777634 0.056752562522888184
16 0.4389454424381256 0.7403407096862793 0.040273476392030716 0.07039675861597061
0 0.4997705817222595 0.5723821520805359 0.03752848505973816 0.07046712189912796
17 0.5161923766136169 0.8177247643470764 0.03313255310058594 0.062026750296354294
3 0.44018223881721497 0.12941360473632812 0.03509674221277237 0.05211537703871727
5 0.49836400151252747 0.49304863810539246 0.035915568470954895 0.07234784960746765
10 0.4366104304790497 0.2549338936805725 0.03714199364185333 0.061132147908210754
