15 0.5021460652351379 0.726432204246521 0.03637848049402237 0.06746114045381546
6 0.4340915083885193 0.4098294675350189 0.03964710608124733 0.07450162619352341
4 0.43498480319976807 0.4925798177719116 0.039815522730350494 0.07507886737585068
12 0.43499210476875305 0.57757169008255 0.04101982340216637 0.07501203566789627
1 0.438509464263916 0.18866606056690216 0.03399658203125 0.05504811555147171
21 0.4739118814468384 0.44947391748428345 0.14617310464382172 0.8828810453414917
20 0.45080292224884033 0.8372463583946228 0.07650407403707504 0.06780971586704254
8 0.4360238313674927 0.3282944858074188 0.03670457378029823 0.0698857307434082
9 0.49744388461112976 0.3398822247982025 0.035298220813274384 0.06580332666635513
5 0.4984545111656189 0.4930344223976135 0.03587723150849342 0.07287080585956573
3 0.43986475467681885 0.1291029006242752 0.035874176770448685 0.05168589577078819
0 0.499833881855011 0.5724946856498718 0.037195589393377304 0.0705074742436409
2 0.4970747232437134 0.20507656037807465 0.033886149525642395 0.05760599672794342
16 0.4390956461429596 0.7402797937393188 0.04045753553509712 0.0710025355219841
14 0.4371674954891205 0.6600377559661865 0.0408751517534256 0.07513557374477386
17 0.5164241194725037 0.817347526550293 0.032160189002752304 0.06302998960018158
10 0.4364556670188904 0.25469377636909485 0.03665180504322052 0.061149962246418
