1 0.45118457078933716 0.18864873051643372 0.034082796424627304 0.05465630441904068
6 0.44171708822250366 0.4140112102031708 0.0411502867937088 0.07430623471736908
8 0.4445987343788147 0.3304920792579651 0.0389067679643631 0.07372038066387177
15 0.5043897032737732 0.7454198002815247 0.03607912361621857 0.0690629705786705
21 0.4880308508872986 0.467357873916626 0.16317841410636902 0.9186943769454956
20 0.4478069543838501 0.8569028973579407 0.08159580826759338 0.0642072856426239
10 0.44780343770980835 0.25484779477119446 0.03785419836640358 0.06365736573934555
4 0.4408423602581024 0.4986315071582794 0.04131355509161949 0.07449408620595932
12 0.43854668736457825 0.5858103036880493 0.042183686047792435 0.07716109603643417
16 0.4396187663078308 0.7546226382255554 0.04209594801068306 0.07299549877643585
2 0.5107411742210388 0.20838139951229095 0.034256745129823685 0.056338246911764145
3 0.4543815851211548 0.12893180549144745 0.036069873720407486 0.052224356681108475
6 0.5079116225242615 0.4240705668926239 0.038202669471502304 0.07311186194419861
17 0.5174435973167419 0.840888261795044 0.032341957092285156 0.06742485612630844
0 0.5053658485412598 0.5871285200119019 0.03712158277630806 0.06961601972579956
14 0.43851473927497864 0.6739190816879272 0.04155483469367027 0.07370740920305252
5 0.5068727731704712 0.5057941675186157 0.03703632578253746 0.07274695485830307
