6 0.43402159214019775 0.41059231758117676 0.039800647646188736 0.07401140034198761
12 0.43468087911605835 0.577018678188324 0.04161358252167702 0.07638329267501831
4 0.43520587682724 0.4921359419822693 0.04003582149744034 0.07424674928188324
15 0.5018793940544128 0.7262682318687439 0.036669351160526276 0.06732414662837982
8 0.4361761212348938 0.3282405138015747 0.037301067262887955 0.06996358186006546
9 0.49718067049980164 0.3400724530220032 0.034981921315193176 0.06500343233346939
21 0.47557881474494934 0.4500061571598053 0.1505144238471985 0.8830046057701111
2 0.49727529287338257 0.2055930644273758 0.034215547144412994 0.05725487321615219
20 0.450334757566452 0.8373838067054749 0.07610493153333664 0.0672539621591568
1 0.4384703040122986 0.18872731924057007 0.0341375358402729 0.055320821702480316
14 0.4368371367454529 0.6602630615234375 0.04076099768280983 0.0753190740942955
6 0.4981837868690491 0.41587889194488525 0.03787412866950035 0.07162696123123169
16 0.43900662660598755 0.7402969002723694 0.04051094129681587 0.07078145444393158
17 0.5160231590270996 0.8175824284553528 0.03267879784107208 0.06170857697725296
3 0.4398495852947235 0.12910152971744537 0.03527717664837837 0.051194753497838974
0 0.4998565912246704 0.5726549625396729 0.03756599500775337 0.0711212158203125
10 0.43653032183647156 0.25467127561569214 0.036643728613853455 0.061279717832803726
5 0.49839165806770325 0.4938598573207855 0.03574962913990021 0.0716039314866066
13 0.5008469820022583 0.6531699299812317 0.03673534467816353 0.07136105746030807
