1 0.38366544246673584 0.2443172037601471 0.03678710013628006 0.06072455272078514
16 0.37090811133384705 0.8428848385810852 0.04150133207440376 0.07333577424287796
21 0.41823723912239075 0.5003728866577148 0.16068555414676666 0.9736953973770142
3 0.39035096764564514 0.1799074411392212 0.037193235009908676 0.0588311068713665
14 0.3682038486003876 0.7588090300559998 0.04106229543685913 0.07860615849494934
10 0.37726715207099915 0.3162687420845032 0.037802793085575104 0.06792005896568298
12 0.3664361238479614 0.6688174605369568 0.042246438562870026 0.07951558381319046
20 0.38537275791168213 0.9446391463279724 0.08323574811220169 0.06777530163526535
2 0.44472798705101013 0.2666410505771637 0.035735610872507095 0.06198560819029808
17 0.45642539858818054 0.9240532517433167 0.036794282495975494 0.06303207576274872
6 0.368670254945755 0.4861092269420624 0.04140033945441246 0.0827285498380661
10 0.37196022272109985 0.3953629434108734 0.041150666773319244 0.0752791240811348
15 0.43855708837509155 0.8309865593910217 0.038846973329782486 0.06909213215112686
5 0.43612930178642273 0.5812361836433411 0.037966538220644 0.07639448344707489
6 0.36783087253570557 0.5757567286491394 0.04094209894537926 0.08198835700750351
8 0.36879244446754456 0.48476216197013855 0.041650328785181046 0.08197801560163498
