3 0.4074551463127136 0.11647648364305496 0.035591986030340195 0.057423315942287445
1 0.4031103253364563 0.17840872704982758 0.035984836518764496 0.055190615355968475
21 0.4423966705799103 0.47223979234695435 0.1622854322195053 0.9287344217300415
12 0.3872565031051636 0.5914783477783203 0.042406369000673294 0.07980770617723465
6 0.38960811495780945 0.4103963077068329 0.043293826282024384 0.08181107044219971
8 0.3937716484069824 0.3228566348552704 0.03710222616791725 0.07192925363779068
14 0.38901013135910034 0.6815507411956787 0.04311724007129669 0.07939384877681732
15 0.4589443504810333 0.7522725462913513 0.03808460384607315 0.07116043567657471
16 0.3912661075592041 0.7657400965690613 0.04160226508975029 0.0741356760263443
20 0.4056926965713501 0.8683198094367981 0.08150727301836014 0.0715298131108284
9 0.45960667729377747 0.3403904438018799 0.03610401228070259 0.06671600043773651
4 0.3881562650203705 0.4982971251010895 0.043175604194402695 0.07657640427350998
6 0.4582362473011017 0.4194919168949127 0.03813762962818146 0.07539164274930954
10 0.39755532145500183 0.2473459243774414 0.03786621242761612 0.06650127470493317
10 0.3933628499507904 0.323245644569397 0.039540547877550125 0.07266116887331009
5 0.45668622851371765 0.5024239420890808 0.03782368078827858 0.0755932554602623
13 0.457653671503067 0.6724229454994202 0.03744068369269371 0.07633237540721893
17 0.47420236468315125 0.8490159511566162 0.03427581861615181 0.06254713237285614
2 0.4633483290672302 0.19824616611003876 0.034753866493701935 0.059112802147865295
0 0.456135094165802 0.5886964201927185 0.03791841119527817 0.07552608847618103
