3 0.4265199899673462 0.10107743740081787 0.03836536779999733 0.057619646191596985
6 0.41543513536453247 0.4015090763568878 0.04455941915512085 0.08519642800092697
4 0.4154716730117798 0.49021005630493164 0.04315837472677231 0.08025582879781723
17 0.5052003860473633 0.8453875780105591 0.034919168800115585 0.06623975932598114
21 0.4583287537097931 0.4737716615200043 0.1780274212360382 0.9361270070075989
5 0.485298752784729 0.4936138391494751 0.03810017928481102 0.07625379413366318
14 0.4176885783672333 0.6793785691261292 0.041858263313770294 0.07939017564058304
1 0.42322131991386414 0.16530700027942657 0.03663177788257599 0.057594723999500275
8 0.4181748628616333 0.31288209557533264 0.03988037258386612 0.07484834641218185
2 0.4856407344341278 0.18406100571155548 0.035290785133838654 0.059149451553821564
20 0.4339290261268616 0.8709045052528381 0.08428354561328888 0.07387695461511612
9 0.4851335883140564 0.32651156187057495 0.03697261959314346 0.07017356157302856
12 0.41486939787864685 0.5848400592803955 0.04484062269330025 0.08197281509637833
16 0.42093080282211304 0.7648656368255615 0.041844625025987625 0.07561899721622467
10 0.4198969006538391 0.23385344445705414 0.03897438198328018 0.06589974462985992
0 0.4864036738872528 0.5816197395324707 0.039113808423280716 0.07509222626686096
15 0.4893609583377838 0.7476154565811157 0.03791351616382599 0.07133856415748596
