6 0.4152836799621582 0.40070316195487976 0.04532194510102272 0.08330230414867401
3 0.42566531896591187 0.10062792152166367 0.03735008463263512 0.05377684533596039
4 0.4152143597602844 0.4896814823150635 0.04306202009320259 0.07952406257390976
14 0.41826480627059937 0.6776221990585327 0.0412878692150116 0.07920995354652405
21 0.45839083194732666 0.472587913274765 0.1773320883512497 0.9352549314498901
1 0.4231767952442169 0.16276459395885468 0.03640308603644371 0.05960680544376373
2 0.4854785203933716 0.18192163109779358 0.03487377241253853 0.06137271225452423
20 0.43454426527023315 0.8675174117088318 0.08409930020570755 0.0760701447725296
9 0.48556607961654663 0.3253670632839203 0.03784141689538956 0.06955555081367493
12 0.4151759743690491 0.5847955942153931 0.04461965709924698 0.08210262656211853
17 0.5056117177009583 0.843535840511322 0.035077858716249466 0.06648898869752884
5 0.48544588685035706 0.4925796389579773 0.038446713238954544 0.07552659511566162
8 0.41788923740386963 0.310567170381546 0.04039135202765465 0.0745677500963211
16 0.4209006428718567 0.762291431427002 0.04229768365621567 0.07675306499004364
10 0.41982966661453247 0.23161642253398895 0.03889331966638565 0.06527768820524216
