6 0.42816781997680664 0.39940693974494934 0.045114997774362564 0.08410762995481491
3 0.43735843896865845 0.09898818284273148 0.038602832704782486 0.05560830980539322
2 0.497991681098938 0.18001686036586761 0.03582694008946419 0.06219834089279175
15 0.5028347373008728 0.7454257607460022 0.03805503994226456 0.07340516895055771
12 0.42799291014671326 0.5836613178253174 0.04666624218225479 0.08082009851932526
21 0.4764446020126343 0.4711437523365021 0.15808840095996857 0.9310987591743469
5 0.49915486574172974 0.4904691278934479 0.038775064051151276 0.0772603303194046
4 0.42878249287605286 0.4891979694366455 0.04390010982751846 0.08271484076976776
1 0.4351845979690552 0.1619858294725418 0.036851949989795685 0.06071340665221214
8 0.43060600757598877 0.30978330969810486 0.04078254848718643 0.0749271810054779
9 0.49885109066963196 0.323843777179718 0.03902778774499893 0.06950414925813675
14 0.431108683347702 0.6764121055603027 0.04288940504193306 0.08270467072725296
20 0.4463319182395935 0.8678076863288879 0.08548622578382492 0.07602640986442566
17 0.5185621380805969 0.8423371315002441 0.03510376811027527 0.06433986872434616
16 0.433904767036438 0.7618711590766907 0.04321308434009552 0.0763312429189682
10 0.43234533071517944 0.2300470471382141 0.039006996899843216 0.06591466069221497
0 0.5003073811531067 0.5790005326271057 0.03990974649786949 0.0775960236787796
