9 0.49806323647499084 0.34264665842056274 0.03717460855841637 0.06804326176643372
6 0.4345851242542267 0.41163530945777893 0.040093231946229935 0.07475297898054123
8 0.43593132495880127 0.32932817935943604 0.03926849737763405 0.07061205059289932
10 0.43673306703567505 0.25577402114868164 0.03754749521613121 0.060315873473882675
1 0.4379771053791046 0.19032609462738037 0.035828687250614166 0.0559302419424057
3 0.43996572494506836 0.12994033098220825 0.03496198728680611 0.054131705313920975
12 0.43481171131134033 0.5770688652992249 0.041638631373643875 0.07635882496833801
20 0.45124781131744385 0.8372346758842468 0.07619056850671768 0.06690820306539536
21 0.5001667141914368 0.44801416993141174 0.19141030311584473 0.8823004961013794
15 0.5019664168357849 0.726517379283905 0.036419108510017395 0.06671176105737686
4 0.43501466512680054 0.4923262894153595 0.04052410274744034 0.07346818596124649
14 0.4369279146194458 0.6605533957481384 0.04174353554844856 0.0756327286362648
5 0.49843940138816833 0.4936826825141907 0.036384012550115585 0.07036607712507248
16 0.4389963448047638 0.7401982545852661 0.04056167975068092 0.07085978239774704
0 0.5000190138816833 0.5728419423103333 0.03709478676319122 0.07102745771408081
17 0.5164512395858765 0.8183383345603943 0.03336362913250923 0.06173118203878403
19 0.5158803462982178 0.19438116252422333 0.10629577934741974 0.1229659765958786
