6 0.4339286983013153 0.4125368595123291 0.04045829921960831 0.07565697282552719
12 0.4341300129890442 0.5775977373123169 0.04089565575122833 0.07603437453508377
8 0.43555065989494324 0.3294055461883545 0.037382032722234726 0.07055172324180603
21 0.4742986857891083 0.4486108720302582 0.1472114622592926 0.8809679746627808
1 0.43853190541267395 0.18990227580070496 0.03450298309326172 0.05280693992972374
2 0.49729302525520325 0.20524266362190247 0.035334017127752304 0.05642112344503403
4 0.43467992544174194 0.4933147132396698 0.03970814123749733 0.07334340363740921
14 0.4367128610610962 0.6616888046264648 0.040780071169137955 0.07415341585874557
20 0.4504777491092682 0.837892472743988 0.07662773877382278 0.0666891559958458
15 0.5014637112617493 0.7267908453941345 0.03667488321661949 0.06727667897939682
3 0.44042354822158813 0.1317213475704193 0.035276032984256744 0.05149209499359131
17 0.5158543586730957 0.8182727098464966 0.032619159668684006 0.06145697459578514
16 0.4387018382549286 0.7410856485366821 0.04058736562728882 0.07078416645526886
10 0.4363386332988739 0.2553529441356659 0.03637402877211571 0.0609486885368824
5 0.49784737825393677 0.49409404397010803 0.0363248847424984 0.07143130898475647
0 0.5000913739204407 0.5731626152992249 0.03748951107263565 0.07146182656288147
