3 0.40662938356399536 0.11837174743413925 0.036590736359357834 0.05377412587404251
1 0.4018782377243042 0.17840418219566345 0.035972438752651215 0.05609931796789169
6 0.3886362314224243 0.4111141264438629 0.042087048292160034 0.08122371882200241
8 0.39322876930236816 0.32407769560813904 0.036364175379276276 0.06980319321155548
14 0.3881599009037018 0.6798956990242004 0.04299745708703995 0.0771443098783493
21 0.44071829319000244 0.4705626368522644 0.1619073897600174 0.9262503981590271
16 0.3903907239437103 0.7635546922683716 0.0431918166577816 0.07418766617774963
17 0.4728507399559021 0.8472681641578674 0.03434276580810547 0.06347350776195526
2 0.4622223973274231 0.198628231883049 0.035449981689453125 0.060418784618377686
9 0.458743691444397 0.340735524892807 0.03669433668255806 0.0666109174489975
15 0.4573797583580017 0.7511815428733826 0.037844087928533554 0.07150539755821228
10 0.3966355621814728 0.24823026359081268 0.03865235671401024 0.06590346992015839
4 0.3871435225009918 0.49941980838775635 0.041768044233322144 0.07760600000619888
6 0.456915020942688 0.41937491297721863 0.03829021751880646 0.07548251748085022
20 0.404940128326416 0.8665938973426819 0.07983408123254776 0.07263782620429993
12 0.3862360119819641 0.5899831652641296 0.04275188595056534 0.0766228586435318
5 0.45598548650741577 0.5022401213645935 0.03750152885913849 0.07429715991020203
0 0.4561532139778137 0.5886252522468567 0.03737011179327965 0.07270994037389755
