3 0.40749841928482056 0.11667771637439728 0.03564129024744034 0.05674932152032852
1 0.40306296944618225 0.1785411834716797 0.03657140955328941 0.055140431970357895
6 0.38954487442970276 0.4107601046562195 0.04322878643870354 0.08088912814855576
8 0.39357998967170715 0.3239644169807434 0.03694833442568779 0.07070227712392807
21 0.442872554063797 0.4718243479728699 0.16470903158187866 0.9279289841651917
14 0.3889819383621216 0.6814850568771362 0.043650247156620026 0.07864922285079956
12 0.38749969005584717 0.5915451645851135 0.0419737845659256 0.07943844050168991
15 0.4579945504665375 0.75194251537323 0.03774691000580788 0.07108324021100998
16 0.3912475109100342 0.7656710743904114 0.04168202355504036 0.07379727065563202
9 0.45964688062667847 0.3406755030155182 0.03623514249920845 0.06682722270488739
20 0.4054729640483856 0.8680625557899475 0.08099499344825745 0.07138671725988388
17 0.4742279350757599 0.848883867263794 0.034284211695194244 0.0623609758913517
10 0.39771080017089844 0.2470545619726181 0.03829314187169075 0.06825455278158188
6 0.45816850662231445 0.4204103946685791 0.03834066540002823 0.07546335458755493
4 0.38773396611213684 0.4996218979358673 0.04267177730798721 0.07682596892118454
2 0.4633314311504364 0.19901041686534882 0.0347173698246479 0.05985666811466217
0 0.4559779167175293 0.5886954069137573 0.03753042593598366 0.0751105397939682
5 0.45660799741744995 0.5025370717048645 0.037854958325624466 0.07515190541744232
