6 0.43414950370788574 0.4102201461791992 0.0399349220097065 0.07402580976486206
4 0.43505948781967163 0.492497980594635 0.04017810896039009 0.07420612126588821
15 0.5018913745880127 0.7261544466018677 0.0365268737077713 0.06724785268306732
8 0.4361327290534973 0.3281112015247345 0.037405017763376236 0.0700291097164154
12 0.43491843342781067 0.5774551630020142 0.04130706936120987 0.07561012357473373
9 0.4973289668560028 0.34016120433807373 0.03519134595990181 0.06568671017885208
21 0.4738009572029114 0.4498251974582672 0.1458829939365387 0.881879985332489
2 0.49736589193344116 0.20565202832221985 0.03405793756246567 0.05701887235045433
1 0.4387787878513336 0.18897490203380585 0.03381319344043732 0.05475391820073128
20 0.44971534609794617 0.8377165198326111 0.0769905149936676 0.06646151840686798
0 0.49975425004959106 0.5725896954536438 0.03716926649212837 0.07090640813112259
14 0.4369136095046997 0.6605616807937622 0.040464211255311966 0.07553800940513611
16 0.43888407945632935 0.7404338121414185 0.04034443199634552 0.07087910920381546
3 0.4402236342430115 0.1287258118391037 0.03506883233785629 0.051837459206581116
5 0.49844619631767273 0.49317365884780884 0.03545341640710831 0.0717664361000061
17 0.5159763693809509 0.8179356455802917 0.03234615549445152 0.0604214109480381
6 0.4982789158821106 0.4158715009689331 0.0378454215824604 0.07185855507850647
10 0.4366653561592102 0.2547118067741394 0.03704586252570152 0.061400361359119415
