8 0.4354826807975769 0.3289963901042938 0.039055731147527695 0.0717347040772438
6 0.43428748846054077 0.4116394519805908 0.0396459586918354 0.0746118351817131
12 0.4350512623786926 0.5780515074729919 0.04160239174962044 0.07601063698530197
14 0.43688708543777466 0.6611722707748413 0.04072189703583717 0.07526183128356934
1 0.438929945230484 0.1896025687456131 0.03453807905316353 0.05328572541475296
21 0.46897760033607483 0.4518851339817047 0.13457801938056946 0.8833029270172119
3 0.44028541445732117 0.13130895793437958 0.033847808837890625 0.051947612315416336
8 0.497684121131897 0.34032008051872253 0.034979820251464844 0.06463481485843658
20 0.45125851035118103 0.8377724885940552 0.07709980756044388 0.06657901406288147
4 0.4350617527961731 0.4931129515171051 0.040358737111091614 0.07493715733289719
6 0.4982711970806122 0.41636598110198975 0.03804359585046768 0.07258125394582748
16 0.439016193151474 0.740510880947113 0.03973903879523277 0.06969615817070007
10 0.43697598576545715 0.2548021972179413 0.036859896034002304 0.06108110025525093
17 0.5165921449661255 0.8177793025970459 0.03219480812549591 0.06242404505610466
0 0.5000395774841309 0.5735023617744446 0.03760681301355362 0.07177264988422394
15 0.501738429069519 0.7266687750816345 0.035994626581668854 0.06706542521715164
