8 0.43531888723373413 0.3282008767127991 0.03890495374798775 0.07045982778072357
6 0.43439120054244995 0.41077837347984314 0.039539530873298645 0.0754309743642807
12 0.43438294529914856 0.5778403282165527 0.04010982811450958 0.075864776968956
20 0.45129987597465515 0.8373311161994934 0.07625275105237961 0.0672268345952034
1 0.4389631450176239 0.1891796886920929 0.03352947533130646 0.054062653332948685
9 0.4975590407848358 0.3403193950653076 0.03527126461267471 0.06457095593214035
4 0.4347282648086548 0.49270522594451904 0.03978100046515465 0.07445734739303589
21 0.46905261278152466 0.4493881165981293 0.13696728646755219 0.8814865350723267
3 0.4402756690979004 0.12955468893051147 0.034799862653017044 0.05250934883952141
2 0.49746567010879517 0.20439782738685608 0.0336514487862587 0.057454172521829605
17 0.5167624354362488 0.8189980387687683 0.03417104110121727 0.06328565627336502
10 0.436632364988327 0.25477322936058044 0.036788180470466614 0.06167639046907425
16 0.4385816752910614 0.7409648895263672 0.03854580223560333 0.06953475624322891
