10 0.4298023581504822 0.25007012486457825 0.0384342223405838 0.06622356921434402
3 0.4348975419998169 0.12328791618347168 0.035563088953495026 0.053195834159851074
21 0.4708758294582367 0.46016544103622437 0.14981375634670258 0.9036328196525574
1 0.4314778745174408 0.18267470598220825 0.03617477789521217 0.05971764400601387
14 0.4271281361579895 0.668617308139801 0.044634249061346054 0.078369140625
12 0.42532551288604736 0.5825597047805786 0.04336605221033096 0.07809098064899445
20 0.44006282091140747 0.8521221280097961 0.07852154225111008 0.0695326030254364
16 0.42896369099617004 0.7506932616233826 0.04347648844122887 0.07400580495595932
2 0.49189531803131104 0.20093224942684174 0.036275483667850494 0.0605078786611557
6 0.4260998070240021 0.4100496768951416 0.04461269453167915 0.07970038056373596
5 0.4902525246143341 0.49724042415618896 0.03976192697882652 0.07029842585325241
17 0.50752192735672 0.8311592936515808 0.034989167004823685 0.06486646831035614
15 0.49384966492652893 0.7379063367843628 0.03918867185711861 0.07069091498851776
8 0.42641621828079224 0.3254089951515198 0.04165306314826012 0.07082036137580872
4 0.42583411931991577 0.4945284128189087 0.04316387325525284 0.07786644995212555
18 0.4913988411426544 0.5806115865707397 0.03245086967945099 0.06989305466413498
11 0.49120837450027466 0.3391664922237396 0.03878669813275337 0.06746981292963028
