3 0.38901272416114807 0.1662321239709854 0.03567403182387352 0.056535013020038605
15 0.4365130364894867 0.819488525390625 0.039315417408943176 0.07102932035923004
21 0.408963143825531 0.4976638853549957 0.14932945370674133 0.9686269164085388
2 0.44376155734062195 0.2540244162082672 0.03631000593304634 0.05986317992210388
8 0.3672429621219635 0.46949276328086853 0.041037846356630325 0.08062458783388138
14 0.36533552408218384 0.7480685710906982 0.042046356946229935 0.07756619155406952
17 0.4533586800098419 0.9144217371940613 0.034749098122119904 0.06306050717830658
20 0.3836100995540619 0.9338985681533813 0.08103297650814056 0.06649373471736908
16 0.3680433928966522 0.8312832713127136 0.04079265892505646 0.0729353129863739
1 0.38223981857299805 0.2307232767343521 0.03603210672736168 0.059895746409893036
10 0.3762986361980438 0.30195438861846924 0.03758208081126213 0.06687446683645248
10 0.37048885226249695 0.3816947638988495 0.040634602308273315 0.0739048421382904
5 0.4339078664779663 0.5681682229042053 0.03828029707074165 0.07420478761196136
6 0.3640907406806946 0.5636814832687378 0.04350227117538452 0.08262809365987778
