1 0.45358413457870483 0.18382099270820618 0.034764356911182404 0.05682173743844032
6 0.44807255268096924 0.4092880189418793 0.04145202785730362 0.07751990109682083
21 0.49740368127822876 0.4556431174278259 0.1766892522573471 0.8975736498832703
15 0.5148910880088806 0.7365871667861938 0.03627471998333931 0.07026615738868713
17 0.5282266736030579 0.8295125365257263 0.03321673348546028 0.06149834394454956
3 0.4558313488960266 0.12311732023954391 0.03514824062585831 0.05304831638932228
20 0.45994120836257935 0.8497079014778137 0.08126641064882278 0.06949310004711151
14 0.448954701423645 0.6667854189872742 0.04088173061609268 0.07783152163028717
16 0.45027440786361694 0.7476186156272888 0.04205379635095596 0.07114393264055252
4 0.44848692417144775 0.4925343692302704 0.040717318654060364 0.07523498684167862
12 0.4476776421070099 0.5814021229743958 0.04250170662999153 0.07582142949104309
10 0.449211448431015 0.32516947388648987 0.03952627256512642 0.06932508200407028
2 0.5133994221687317 0.2014634907245636 0.0339086540043354 0.0584503710269928
10 0.5138608813285828 0.33836352825164795 0.03535356745123863 0.06774605810642242
