3 0.41229674220085144 0.16576619446277618 0.0369909293949604 0.05787959694862366
21 0.45242756605148315 0.4943907558917999 0.1729750782251358 0.9616217613220215
6 0.40194398164749146 0.47015097737312317 0.04468396678566933 0.08117062598466873
16 0.4103843867778778 0.8250125050544739 0.04335842281579971 0.07378166913986206
4 0.40221837162971497 0.5602442026138306 0.0435243621468544 0.08041183650493622
9 0.46979647874832153 0.392769455909729 0.03687248378992081 0.06933864951133728
2 0.47062361240386963 0.2490437775850296 0.03582458570599556 0.06119197979569435
15 0.4778570234775543 0.8095225691795349 0.037584878504276276 0.07041863352060318
1 0.40955206751823425 0.2307700216770172 0.03603534772992134 0.05986130237579346
20 0.4247701168060303 0.9258950352668762 0.08371731638908386 0.06820152699947357
5 0.47157689929008484 0.5601966977119446 0.037676241248846054 0.07560566067695618
14 0.40665069222450256 0.7437276244163513 0.04171158745884895 0.07824300229549408
8 0.40299588441848755 0.38089752197265625 0.0384959876537323 0.07081671804189682
0 0.47369301319122314 0.6473435759544373 0.03996162489056587 0.07279278337955475
17 0.494974821805954 0.9006083011627197 0.03559068217873573 0.06349962204694748
10 0.4059564471244812 0.30111801624298096 0.03840847313404083 0.06862818449735641
11 0.47049564123153687 0.31795015931129456 0.036455728113651276 0.06671606004238129
12 0.40246883034706116 0.6527948975563049 0.043906405568122864 0.0808158591389656
7 0.4709303081035614 0.47391220927238464 0.03790168836712837 0.07445802539587021
