6 0.43401652574539185 0.41030994057655334 0.04016094282269478 0.07456128299236298
8 0.4361517131328583 0.3278276026248932 0.0357845313847065 0.06776142865419388
4 0.4352266490459442 0.4925733804702759 0.040458109229803085 0.07466817647218704
12 0.4349622130393982 0.5773676633834839 0.041027262806892395 0.07524809241294861
1 0.4386521577835083 0.18778292834758759 0.03413810953497887 0.05561387538909912
21 0.4740717113018036 0.4493488669395447 0.14535386860370636 0.8813511729240417
15 0.5020411014556885 0.7263998985290527 0.0364011786878109 0.06822001188993454
20 0.45062074065208435 0.8374214768409729 0.0762549415230751 0.06809048354625702
2 0.4972103238105774 0.20490281283855438 0.03399505838751793 0.05809224396944046
9 0.49717026948928833 0.34035322070121765 0.03506012260913849 0.06534677743911743
0 0.49998095631599426 0.5730032324790955 0.03672371059656143 0.0709947943687439
5 0.49846670031547546 0.4939061999320984 0.03610382229089737 0.07220476120710373
6 0.49838563799858093 0.41646111011505127 0.0380527526140213 0.07181812077760696
10 0.43653127551078796 0.25480321049690247 0.036983683705329895 0.06210571527481079
16 0.43900740146636963 0.7408353686332703 0.040483858436346054 0.07121683657169342
3 0.4399259388446808 0.1282491832971573 0.03546276316046715 0.052906204015016556
17 0.516808032989502 0.8171846270561218 0.032143786549568176 0.06221245601773262
14 0.43706992268562317 0.6604358553886414 0.04118175804615021 0.07634757459163666
