6 0.3975406289100647 0.4777856767177582 0.04269329831004143 0.08006187528371811
1 0.40969258546829224 0.24297405779361725 0.03560406714677811 0.058545682579278946
3 0.41367107629776 0.17920425534248352 0.03696031868457794 0.05842389538884163
21 0.4456777274608612 0.49227648973464966 0.15965166687965393 0.9573720097541809
8 0.4000449776649475 0.3914685547351837 0.038905687630176544 0.07046989351511002
14 0.39640286564826965 0.7415505051612854 0.0408145934343338 0.0746002197265625
4 0.3960067927837372 0.5647591948509216 0.04156786948442459 0.07564488053321838
9 0.46601736545562744 0.40732064843177795 0.03530941158533096 0.06637861579656601
16 0.39929601550102234 0.8214726448059082 0.042051538825035095 0.07156948745250702
15 0.46514907479286194 0.810776948928833 0.03743734583258629 0.06972373276948929
10 0.40550506114959717 0.3125667870044708 0.03779681771993637 0.06884765625
20 0.4105587601661682 0.922895610332489 0.08205852657556534 0.06352227926254272
2 0.46967941522598267 0.2627193331718445 0.03533315658569336 0.059206727892160416
11 0.46784812211990356 0.33095845580101013 0.036795999854803085 0.0681195855140686
0 0.46325546503067017 0.6518764495849609 0.037900641560554504 0.07136739045381546
12 0.3953639566898346 0.6549995541572571 0.04105377569794655 0.07653825730085373
5 0.4636158347129822 0.5684729814529419 0.03827552869915962 0.07403931766748428
17 0.48037225008010864 0.9021576046943665 0.03458353877067566 0.06119181215763092
