3 0.3882346749305725 0.15694878995418549 0.03661032021045685 0.058161091059446335
21 0.40813639760017395 0.4957562983036041 0.17271055281162262 0.9586526155471802
6 0.36102429032325745 0.4637729823589325 0.042944084852933884 0.08492736518383026
1 0.38059547543525696 0.22059419751167297 0.03597879782319069 0.0592963881790638
16 0.35996806621551514 0.8265606760978699 0.04143085703253746 0.07668507844209671
6 0.359503835439682 0.5548273921012878 0.04198923334479332 0.08498738706111908
9 0.4339582622051239 0.3940785229206085 0.037282947450876236 0.07217873632907867
14 0.3586757183074951 0.742752730846405 0.03918066248297691 0.08383721113204956
8 0.3666628301143646 0.3733851909637451 0.04146881401538849 0.0779435858130455
10 0.37290069460868835 0.2921772599220276 0.038518715649843216 0.07238201797008514
15 0.4281657338142395 0.8159398436546326 0.03918438032269478 0.07074211537837982
2 0.4420539140701294 0.2482329159975052 0.03754902258515358 0.06450774520635605
17 0.4438587427139282 0.9130435585975647 0.03662395849823952 0.06265394389629364
0 0.4273332953453064 0.6508603692054749 0.04027290642261505 0.07525448501110077
20 0.3777734935283661 0.9283562302589417 0.07366727292537689 0.06326158344745636
6 0.43133193254470825 0.4778079390525818 0.03826732933521271 0.07522223889827728
