3 0.4073525369167328 0.1167040765285492 0.035620976239442825 0.056465085595846176
1 0.4030895531177521 0.17853401601314545 0.035800330340862274 0.0555962435901165
8 0.39358070492744446 0.3239990770816803 0.03697894513607025 0.07076449692249298
21 0.4424879848957062 0.472146213054657 0.16271652281284332 0.9277902841567993
6 0.3894561231136322 0.4105675518512726 0.042926885187625885 0.08040466159582138
12 0.3874545097351074 0.5903159976005554 0.042848873883485794 0.07859954982995987
14 0.389039546251297 0.6811586022377014 0.04364929348230362 0.07804147154092789
16 0.3913487195968628 0.7654669880867004 0.04164495691657066 0.0738559290766716
15 0.45806819200515747 0.7522112727165222 0.03798605874180794 0.07147352397441864
20 0.4054112732410431 0.867979884147644 0.08089377731084824 0.0714772492647171
10 0.3975764811038971 0.24743567407131195 0.03850622475147247 0.06860769540071487
9 0.4596022963523865 0.34060579538345337 0.03635158762335777 0.06612294167280197
4 0.3878585994243622 0.4996250867843628 0.04219437018036842 0.07763490825891495
6 0.4583490788936615 0.41986364126205444 0.03833179548382759 0.07471398264169693
2 0.4632684886455536 0.1986342966556549 0.03439350426197052 0.0595775730907917
0 0.4561038315296173 0.5884801149368286 0.0378301627933979 0.07494699209928513
17 0.4744311571121216 0.8488988280296326 0.03477325662970543 0.062142264097929
5 0.45697033405303955 0.5035709142684937 0.03721275553107262 0.07325585931539536
