6 0.42476075887680054 0.39802882075309753 0.04468193277716637 0.08399183303117752
3 0.436125785112381 0.09772025793790817 0.03684654459357262 0.05532032996416092
1 0.43195897340774536 0.15972335636615753 0.03727506101131439 0.05919888615608215
14 0.42703813314437866 0.6782713532447815 0.045449066907167435 0.08183068037033081
21 0.47162774205207825 0.47284382581710815 0.16019536554813385 0.9337310791015625
5 0.4960747957229614 0.49074265360832214 0.03888607397675514 0.07787252217531204
4 0.42525506019592285 0.4895491898059845 0.04468555748462677 0.08194427192211151
20 0.4438681900501251 0.8706391453742981 0.08472824841737747 0.0751953125
11 0.49520015716552734 0.24730046093463898 0.03758068382740021 0.06492428481578827
15 0.4991993308067322 0.747177243232727 0.03962745890021324 0.07389746606349945
9 0.49493515491485596 0.32324907183647156 0.03745098412036896 0.07025211304426193
12 0.4249233603477478 0.5851916670799255 0.045659828931093216 0.0821075439453125
2 0.495639443397522 0.17951112985610962 0.03615856543183327 0.06074829027056694
16 0.4298318326473236 0.7639899253845215 0.04247312620282173 0.07537005096673965
17 0.5145813226699829 0.8462063074111938 0.034369468688964844 0.06564567983150482
8 0.4263625741004944 0.30836862325668335 0.04058123007416725 0.07541825622320175
10 0.4299580454826355 0.2297346293926239 0.0391446128487587 0.06680138409137726
0 0.4977530837059021 0.5798280239105225 0.039183810353279114 0.07724495977163315
