3 0.4078185558319092 0.11640679836273193 0.035949233919382095 0.0581732839345932
1 0.40278446674346924 0.17867770791053772 0.03625749051570892 0.05532718077301979
8 0.39357566833496094 0.3231922388076782 0.036842793226242065 0.06976956874132156
21 0.441440612077713 0.4721773862838745 0.1625518500804901 0.9287140965461731
6 0.38960000872612 0.4106146991252899 0.04347674176096916 0.08162011206150055
12 0.38691839575767517 0.5916184186935425 0.042666755616664886 0.07963188737630844
16 0.39097878336906433 0.7658040523529053 0.04173240810632706 0.0750376358628273
6 0.45813360810279846 0.42018091678619385 0.03819341957569122 0.07538028061389923
15 0.4586566090583801 0.7529130578041077 0.03855559229850769 0.07162294536828995
14 0.3888862133026123 0.6810906529426575 0.04342851787805557 0.0771670863032341
9 0.4594886004924774 0.3408101499080658 0.03633022680878639 0.06597238779067993
20 0.4052099883556366 0.8685236573219299 0.08041172474622726 0.07096896320581436
10 0.3974438011646271 0.24723081290721893 0.03818919137120247 0.06555917114019394
4 0.38774174451828003 0.4996921718120575 0.04269934073090553 0.07697425782680511
5 0.45694562792778015 0.5040926337242126 0.037122346460819244 0.0730244368314743
2 0.4640772044658661 0.19865360856056213 0.03579903021454811 0.059240084141492844
17 0.47408562898635864 0.84917151927948 0.034267619252204895 0.0630510076880455
0 0.45599040389060974 0.5889565348625183 0.037606243044137955 0.07538937777280807
