6 0.3914806544780731 0.4458896219730377 0.041403740644454956 0.0802922248840332
3 0.4134101867675781 0.1573277711868286 0.03527698665857315 0.053898364305496216
1 0.40758487582206726 0.21722610294818878 0.03527088463306427 0.059960681945085526
8 0.395539253950119 0.3614588975906372 0.03946444392204285 0.07065708935260773
21 0.44118762016296387 0.47700613737106323 0.15519540011882782 0.9322443604469299
2 0.4661266505718231 0.23961463570594788 0.03491020202636719 0.057778675109148026
16 0.3861837089061737 0.7826129198074341 0.03970718756318092 0.07122000306844711
4 0.38870003819465637 0.5287759304046631 0.04087581858038902 0.0760125070810318
9 0.4595624506473541 0.3805955648422241 0.03584442287683487 0.06762067973613739
14 0.38540035486221313 0.7026134729385376 0.04075174406170845 0.07723761349916458
20 0.39618971943855286 0.8810165524482727 0.08064018934965134 0.06397145241498947
17 0.46497270464897156 0.8679348230361938 0.03315448760986328 0.06158266216516495
15 0.45097219944000244 0.7750377655029297 0.03813972696661949 0.06868693232536316
10 0.40134260058403015 0.2843564450740814 0.03660275414586067 0.06562013924121857
6 0.456328421831131 0.4589807987213135 0.03766842186450958 0.07335204631090164
12 0.38563793897628784 0.6158980131149292 0.041460517793893814 0.07853156328201294
10 0.39636120200157166 0.36068403720855713 0.0397479385137558 0.07112646847963333
