12 0.4348939061164856 0.577103853225708 0.04172993078827858 0.07507086545228958
15 0.5020046234130859 0.7267343997955322 0.03622398525476456 0.06676601618528366
8 0.4358774423599243 0.32879891991615295 0.037124063819646835 0.0706612765789032
4 0.4350411295890808 0.49216851592063904 0.04011526331305504 0.0741615816950798
20 0.4511154294013977 0.8372287154197693 0.07653491199016571 0.06696268916130066
21 0.46745237708091736 0.44885048270225525 0.13230791687965393 0.8827877044677734
1 0.438865602016449 0.1893284171819687 0.03349113464355469 0.053781550377607346
9 0.4971963167190552 0.3401198089122772 0.03499355539679527 0.06352505087852478
6 0.4341520667076111 0.41016197204589844 0.03934383764863014 0.07414533942937851
2 0.4973798096179962 0.20394331216812134 0.03384914621710777 0.05830353498458862
0 0.4997933506965637 0.5730246305465698 0.037554360926151276 0.07043671607971191
14 0.43710261583328247 0.6602383255958557 0.04162553325295448 0.07595418393611908
16 0.4391193687915802 0.7406277060508728 0.040078483521938324 0.07128329575061798
3 0.4402114152908325 0.12961550056934357 0.034157946705818176 0.051640599966049194
10 0.43669265508651733 0.25499433279037476 0.036553192883729935 0.061145201325416565
17 0.5169678926467896 0.8176049590110779 0.033140916377305984 0.0625389963388443
