6 0.43853142857551575 0.40958285331726074 0.0406036414206028 0.07621578872203827
4 0.43894776701927185 0.49231064319610596 0.03986368328332901 0.07524716109037399
8 0.44018206000328064 0.327218621969223 0.035704709589481354 0.06721527874469757
1 0.4432125687599182 0.18842442333698273 0.035018350929021835 0.055893875658512115
12 0.4386245906352997 0.5762506723403931 0.04123077541589737 0.07564900815486908
20 0.45425844192504883 0.836738646030426 0.07796736061573029 0.06748877465724945
15 0.5064232349395752 0.725201427936554 0.03586025536060333 0.06771533936262131
21 0.4853443503379822 0.4475891888141632 0.1544133871793747 0.878366231918335
3 0.44443410634994507 0.12844081223011017 0.034327127039432526 0.052704740315675735
14 0.4412657916545868 0.6596555709838867 0.03830166161060333 0.07461174577474594
9 0.5025810599327087 0.3398069441318512 0.03454113006591797 0.06483221799135208
6 0.5035767555236816 0.4150199890136719 0.03486786037683487 0.07016940414905548
17 0.5210423469543457 0.8172882199287415 0.03326378017663956 0.06137118861079216
16 0.4435526132583618 0.7392028570175171 0.039079032838344574 0.0709940567612648
0 0.5051143765449524 0.5720327496528625 0.036180879920721054 0.06870998442173004
2 0.5020724534988403 0.2041630744934082 0.03532371670007706 0.05822452902793884
10 0.440879762172699 0.2544107437133789 0.03644142299890518 0.061377037316560745
5 0.5040763020515442 0.4937603771686554 0.0360107459127903 0.0719069316983223
