3 0.438898503780365 0.12302373349666595 0.036165811121463776 0.052189718931913376
8 0.4319530725479126 0.3255564272403717 0.03838132321834564 0.07052544504404068
1 0.4364473521709442 0.18316616117954254 0.035520173609256744 0.057675253599882126
6 0.43018639087677 0.40901726484298706 0.04018364101648331 0.07640804350376129
12 0.43035590648651123 0.5818350911140442 0.04050331190228462 0.07618453353643417
14 0.43213826417922974 0.6691461801528931 0.039316561073064804 0.07689310610294342
21 0.4756231904029846 0.458554744720459 0.1534155011177063 0.9145779013633728
17 0.5134086608886719 0.8303841352462769 0.0340971015393734 0.06134914606809616
20 0.44503432512283325 0.8515382409095764 0.08134346455335617 0.06999003142118454
16 0.43407270312309265 0.7492101192474365 0.04043293371796608 0.07216458022594452
4 0.4305681586265564 0.4934579133987427 0.0397222526371479 0.07447052001953125
5 0.4960613548755646 0.4956808388233185 0.035860635340213776 0.07038644701242447
2 0.4969289302825928 0.2009909749031067 0.034543611109256744 0.05854475125670433
0 0.4972445070743561 0.5787789225578308 0.035857584327459335 0.07157061249017715
15 0.4986301064491272 0.7378148436546326 0.036994460970163345 0.07042168080806732
