6 0.4341370165348053 0.4121195375919342 0.039942361414432526 0.07557915151119232
12 0.434772789478302 0.5775043368339539 0.04166774824261665 0.0757717564702034
1 0.43859341740608215 0.1897130310535431 0.03376980125904083 0.053656090050935745
8 0.4362642467021942 0.32859039306640625 0.037099841982126236 0.07015042006969452
21 0.4749724268913269 0.4507216513156891 0.14868009090423584 0.883243978023529
4 0.43504613637924194 0.49303898215293884 0.040021900087594986 0.07364832609891891
3 0.44019123911857605 0.13094182312488556 0.034867193549871445 0.052403829991817474
17 0.5161564350128174 0.8186471462249756 0.03300686180591583 0.06222076341509819
14 0.4369439482688904 0.6607373952865601 0.040983203798532486 0.07428871095180511
20 0.4506041705608368 0.83771812915802 0.07689813524484634 0.06656578928232193
15 0.5018196105957031 0.7264743447303772 0.036915019154548645 0.06733974814414978
16 0.438907653093338 0.7405544519424438 0.04035015404224396 0.07008294016122818
2 0.49733859300613403 0.2058497965335846 0.03384164348244667 0.055960673838853836
0 0.4997270703315735 0.5730626583099365 0.037217143923044205 0.07062185555696487
5 0.4981733560562134 0.49331074953079224 0.03599688410758972 0.07227087765932083
10 0.43679505586624146 0.2550070583820343 0.03689359128475189 0.06143154576420784
