14 0.37203681468963623 0.768772542476654 0.04381806403398514 0.08018866181373596
3 0.3944663107395172 0.1883392333984375 0.037109311670064926 0.0571892075240612
2 0.4490225613117218 0.27638867497444153 0.036214832216501236 0.061284665018320084
6 0.37272772192955017 0.4960133731365204 0.04274015501141548 0.0826275572180748
16 0.37506183981895447 0.8506336212158203 0.042421914637088776 0.07208116352558136
9 0.4440907835960388 0.4233448803424835 0.03737799450755119 0.07265616208314896
21 0.42482343316078186 0.5024974346160889 0.1556631177663803 0.9755406975746155
20 0.3904259204864502 0.9503067135810852 0.08066997677087784 0.06835835427045822
8 0.37656456232070923 0.4043286442756653 0.04109621420502663 0.0769110769033432
6 0.37184977531433105 0.5863614082336426 0.04236364737153053 0.08133894950151443
1 0.38826000690460205 0.25389334559440613 0.03623028099536896 0.06086781620979309
17 0.4594588577747345 0.9323489665985107 0.035564422607421875 0.06203477457165718
5 0.44164958596229553 0.5907595753669739 0.03927269205451012 0.07548455148935318
15 0.4434279799461365 0.8385889530181885 0.03816185146570206 0.06938578188419342
11 0.4467446208000183 0.3453075885772705 0.035820867866277695 0.0658973976969719
0 0.4411563277244568 0.6780064105987549 0.038747791200876236 0.07288496196269989
10 0.382001131772995 0.32455796003341675 0.03792305290699005 0.06827849894762039
