2 0.44932377338409424 0.2767658829689026 0.0362585075199604 0.0619240365922451
14 0.37156328558921814 0.769040584564209 0.04243765026330948 0.07835377007722855
3 0.3949049115180969 0.1889529675245285 0.03584197536110878 0.05749562382698059
6 0.37249061465263367 0.49579665064811707 0.042709290981292725 0.08327331393957138
21 0.4242098927497864 0.501853883266449 0.15408478677272797 0.9756264090538025
16 0.3748213052749634 0.8512334227561951 0.04224300757050514 0.07065700739622116
1 0.38862600922584534 0.254271000623703 0.03584219887852669 0.059675849974155426
20 0.3896808326244354 0.9505132436752319 0.08090871572494507 0.06768612563610077
9 0.44393759965896606 0.42506247758865356 0.03709430992603302 0.0708160400390625
17 0.4588971436023712 0.932769775390625 0.03498592600226402 0.06213582307100296
8 0.3748994767665863 0.40551865100860596 0.03518696129322052 0.07683486491441727
6 0.37122583389282227 0.5865870118141174 0.043047334998846054 0.08184690028429031
6 0.4425992965698242 0.5069235563278198 0.03828258812427521 0.07669847458600998
5 0.4415379762649536 0.5920524001121521 0.03902950510382652 0.07458581030368805
15 0.44214436411857605 0.8393155932426453 0.0377165824174881 0.0707685649394989
10 0.3760916590690613 0.4042239785194397 0.04063291847705841 0.07634401321411133
