6 0.43401890993118286 0.4103330671787262 0.04022420570254326 0.07449527084827423
8 0.4351407289505005 0.3284420967102051 0.03930721431970596 0.07028868049383163
1 0.4386596083641052 0.1891387552022934 0.03430652618408203 0.0539906807243824
12 0.43460094928741455 0.5772334337234497 0.04118582606315613 0.07612151652574539
20 0.450505793094635 0.8377495408058167 0.07702112942934036 0.06767679750919342
3 0.4403057396411896 0.1294371336698532 0.035589028149843216 0.05501590296626091
21 0.4738892912864685 0.45084381103515625 0.14492017030715942 0.8817185759544373
4 0.43449118733406067 0.49206531047821045 0.04080493003129959 0.07401255518198013
17 0.5156127214431763 0.8189099431037903 0.03017463907599449 0.06049075722694397
14 0.4366781413555145 0.6607179045677185 0.04003963619470596 0.07484300434589386
16 0.43878528475761414 0.7400439381599426 0.04046688228845596 0.06938798725605011
15 0.5019403696060181 0.7276686429977417 0.035318948328495026 0.06808098405599594
6 0.49816492199897766 0.41600900888442993 0.037726785987615585 0.07179158180952072
0 0.4997386336326599 0.5738765001296997 0.036980632692575455 0.07078653573989868
10 0.43661385774612427 0.25487610697746277 0.03712215647101402 0.06216718629002571
2 0.49739277362823486 0.2059691995382309 0.033168792724609375 0.05524885281920433
