6 0.4323604702949524 0.4150528609752655 0.03973172605037689 0.07548540085554123
1 0.43733417987823486 0.19540490210056305 0.03370876610279083 0.053466796875
3 0.43931639194488525 0.1377340853214264 0.03365059196949005 0.05275077745318413
12 0.4325686991214752 0.5785675048828125 0.0401485450565815 0.07526686042547226
4 0.4327409863471985 0.494670033454895 0.03945007547736168 0.07293201237916946
8 0.4344113767147064 0.3328498899936676 0.035588838160037994 0.07140101492404938
21 0.47289273142814636 0.4484059512615204 0.14636117219924927 0.8790369033813477
14 0.43440258502960205 0.6603173017501831 0.03968792036175728 0.07358776777982712
15 0.4987207055091858 0.7257017493247986 0.03683958202600479 0.06688994914293289
20 0.4467850923538208 0.836260974407196 0.07842140644788742 0.0656348317861557
16 0.4362679719924927 0.7379745244979858 0.03936672583222389 0.06844651699066162
2 0.4954811930656433 0.21036942303180695 0.03437624126672745 0.056880708783864975
17 0.5139215588569641 0.8154247403144836 0.03310756757855415 0.06044955551624298
5 0.49605315923690796 0.4966442584991455 0.03427022323012352 0.06818115711212158
0 0.4964149594306946 0.5734485387802124 0.034660596400499344 0.06947360187768936
