12 0.4348382353782654 0.5779388546943665 0.04178129881620407 0.07557237148284912
8 0.43582212924957275 0.3281688988208771 0.038922883570194244 0.07174190878868103
6 0.4343084692955017 0.41115739941596985 0.03978106379508972 0.07404699921607971
1 0.438848078250885 0.18967479467391968 0.0344516783952713 0.0532260462641716
14 0.43714478611946106 0.6609481573104858 0.04106782376766205 0.07648518681526184
21 0.4687028229236603 0.4514266848564148 0.13401126861572266 0.885420024394989
4 0.435016006231308 0.49295979738235474 0.04042883217334747 0.07542119920253754
20 0.4522184729576111 0.8373112678527832 0.07707825303077698 0.06821594387292862
8 0.4975452125072479 0.34040340781211853 0.035143282264471054 0.06448748707771301
3 0.44097700715065 0.13150718808174133 0.03521795570850372 0.05170503631234169
10 0.436807245016098 0.25454485416412354 0.036333657801151276 0.060779470950365067
16 0.43898993730545044 0.7409706711769104 0.03974832221865654 0.07003885507583618
17 0.5168644189834595 0.8175606727600098 0.03243732452392578 0.06317206472158432
15 0.5017081499099731 0.7266461253166199 0.03607654944062233 0.06693047285079956
0 0.5002657175064087 0.573290228843689 0.037778664380311966 0.07172083109617233
