6 0.43411538004875183 0.41020819544792175 0.03972997888922691 0.07400292158126831
4 0.4352402091026306 0.49235063791275024 0.040427401661872864 0.07428546249866486
15 0.5020308494567871 0.7263510823249817 0.03629617765545845 0.06776382774114609
12 0.4347754716873169 0.5772700309753418 0.04174995794892311 0.07540763169527054
8 0.4362303912639618 0.3281368613243103 0.036856018006801605 0.07004550099372864
1 0.43880245089530945 0.18814454972743988 0.034318991005420685 0.05538451299071312
9 0.4973313510417938 0.33998769521713257 0.035005953162908554 0.06553545594215393
21 0.47592252492904663 0.44874536991119385 0.15117818117141724 0.8815827369689941
2 0.49718934297561646 0.20558927953243256 0.03409360349178314 0.057195618748664856
20 0.4504716992378235 0.8373435139656067 0.07599589228630066 0.0671115443110466
14 0.4371119439601898 0.6602838635444641 0.04177618399262428 0.07659640908241272
0 0.49971672892570496 0.572721004486084 0.03728971630334854 0.07100185751914978
5 0.49854642152786255 0.4930635690689087 0.03584454953670502 0.07209082692861557
16 0.4390120804309845 0.7405412197113037 0.04037437587976456 0.07082756608724594
10 0.4366021454334259 0.2546953558921814 0.03649260476231575 0.061104074120521545
17 0.5160138607025146 0.8176867365837097 0.03278990089893341 0.06224975362420082
6 0.49817323684692383 0.4157465994358063 0.03759069740772247 0.07178810983896255
3 0.44025442004203796 0.12933702766895294 0.03471985086798668 0.050841279327869415
