3 0.42609572410583496 0.10110931098461151 0.03644876554608345 0.05370856449007988
6 0.4152080714702606 0.40010806918144226 0.045339714735746384 0.08376583456993103
14 0.4180113971233368 0.6777791380882263 0.04213752970099449 0.08027959614992142
4 0.4151332974433899 0.4892979860305786 0.04318326711654663 0.0795300230383873
1 0.4227396249771118 0.16330863535404205 0.0359317809343338 0.05747313052415848
21 0.4585520625114441 0.4731544554233551 0.1783602237701416 0.9356104135513306
5 0.48560115694999695 0.49242743849754333 0.039016153663396835 0.07527652382850647
12 0.41525912284851074 0.5845048427581787 0.04499489814043045 0.08196818083524704
20 0.4344889521598816 0.8683335781097412 0.08473177254199982 0.07563374936580658
9 0.48557883501052856 0.325447678565979 0.03787956386804581 0.06946326047182083
8 0.4179867208003998 0.31093528866767883 0.040349770337343216 0.07437526434659958
16 0.42101147770881653 0.7619795203208923 0.042549580335617065 0.0764855295419693
17 0.5057446956634521 0.8433741331100464 0.035369206219911575 0.06586992740631104
2 0.4854722321033478 0.18194344639778137 0.03476753458380699 0.05966707691550255
10 0.4197898507118225 0.23172762989997864 0.03882942348718643 0.0661936029791832
