1 0.3833984434604645 0.23905831575393677 0.03722136840224266 0.06278053671121597
3 0.3889538645744324 0.17443636059761047 0.036576878279447556 0.058361899107694626
21 0.4173758625984192 0.5000205636024475 0.16160081326961517 0.9684156179428101
16 0.37089648842811584 0.8390617966651917 0.04150238260626793 0.0735575333237648
2 0.44478127360343933 0.26331424713134766 0.036428168416023254 0.061309050768613815
17 0.4555760622024536 0.9199710488319397 0.03636665642261505 0.062712661921978
20 0.3858586847782135 0.9416749477386475 0.08103132992982864 0.06695228815078735
1 0.4417117238044739 0.33088189363479614 0.03662433847784996 0.06703338772058487
8 0.3682169020175934 0.47999510169029236 0.04164295271039009 0.08002825081348419
0 0.43581897020339966 0.6646127104759216 0.03938122093677521 0.07650265097618103
5 0.43577006459236145 0.5778020024299622 0.03873424604535103 0.0775299072265625
15 0.43830353021621704 0.8273504972457886 0.039147473871707916 0.07079015672206879
10 0.37144356966018677 0.3904123902320862 0.04108511656522751 0.07448967546224594
10 0.37707629799842834 0.3106864094734192 0.03754844889044762 0.07166055589914322
12 0.36611223220825195 0.6662176847457886 0.04271205514669418 0.08093369007110596
6 0.36672213673591614 0.5720129013061523 0.04268328472971916 0.0824306309223175
