3 0.406014084815979 0.15641118586063385 0.03627640753984451 0.05916242301464081
6 0.38727715611457825 0.45560550689697266 0.04287929832935333 0.08392579853534698
17 0.4708048105239868 0.8886626958847046 0.0350341796875 0.06902296096086502
15 0.45522207021713257 0.7936776280403137 0.0382780097424984 0.07200571894645691
1 0.40096399188041687 0.2189645767211914 0.03585408627986908 0.060241345316171646
10 0.3954426348209381 0.28913557529449463 0.03972085565328598 0.07463528215885162
21 0.43695980310440063 0.4858781099319458 0.1553143560886383 0.9340877532958984
14 0.38650426268577576 0.7245193123817444 0.043900299817323685 0.07997029274702072
8 0.39227595925331116 0.3673737347126007 0.03654248267412186 0.07032334804534912
2 0.4618746042251587 0.23973821103572845 0.03680134192109108 0.05939042568206787
12 0.38506028056144714 0.6355233192443848 0.04372873529791832 0.08452080190181732
16 0.3887443244457245 0.8080169558525085 0.042672351002693176 0.07717827707529068
6 0.4559885263442993 0.4643041789531708 0.03834877163171768 0.07857004553079605
9 0.45716995000839233 0.38429921865463257 0.03743591532111168 0.06876102089881897
4 0.3855800926685333 0.5451314449310303 0.04389289394021034 0.08261091262102127
0 0.453828364610672 0.6322847604751587 0.03770199045538902 0.07570173591375351
20 0.4032740592956543 0.9055047035217285 0.07921400666236877 0.06880153715610504
6 0.3860030770301819 0.5444067716598511 0.044150449335575104 0.0834009200334549
12 0.45460277795791626 0.7157664895057678 0.0395539291203022 0.0787285715341568
