15 0.47143882513046265 0.7351077198982239 0.037119485437870026 0.0736829936504364
6 0.3984616994857788 0.4116668701171875 0.042139120399951935 0.08088955283164978
21 0.4505937099456787 0.46168482303619385 0.167167067527771 0.9055613279342651
14 0.40334296226501465 0.6703109741210938 0.043876808136701584 0.07941227406263351
3 0.40773025155067444 0.12255463749170303 0.03570709377527237 0.05367984622716904
1 0.4044862389564514 0.18274781107902527 0.036020949482917786 0.057815805077552795
10 0.40065085887908936 0.25099489092826843 0.03825235739350319 0.0637415423989296
17 0.48812878131866455 0.8287429809570312 0.03405819088220596 0.065568707883358
16 0.40674349665641785 0.7513914704322815 0.0407651923596859 0.07644873857498169
8 0.39943793416023254 0.32562339305877686 0.04061749950051308 0.07188858836889267
0 0.4675537347793579 0.5779648423194885 0.03688774257898331 0.07391747087240219
20 0.4203353524208069 0.8516367077827454 0.08129517734050751 0.07528381049633026
2 0.464579313993454 0.19870328903198242 0.03690529242157936 0.05891113355755806
13 0.4690859913825989 0.6587519645690918 0.03799190744757652 0.07908409833908081
12 0.4004260003566742 0.5833585858345032 0.043144989758729935 0.07842621952295303
10 0.3996267318725586 0.3250115215778351 0.04025249555706978 0.07163374125957489
5 0.4654671847820282 0.4956388473510742 0.0383121520280838 0.07503104954957962
4 0.3998507261276245 0.4960705041885376 0.04198618233203888 0.07920396327972412
8 0.46402981877326965 0.33616897463798523 0.03832206875085831 0.06949946284294128
