6 0.43407920002937317 0.41039615869522095 0.03997078165411949 0.0745120570063591
4 0.43503662943840027 0.49269407987594604 0.04006853327155113 0.07397161424160004
12 0.43477538228034973 0.5771682858467102 0.04143219068646431 0.07551506906747818
8 0.43611329793930054 0.3282499611377716 0.03717384487390518 0.07012739032506943
15 0.5018950700759888 0.7264609336853027 0.03681831434369087 0.06774359941482544
1 0.43878814578056335 0.18825584650039673 0.03446789085865021 0.05482775345444679
2 0.4972779154777527 0.20537254214286804 0.034336186945438385 0.057591330260038376
9 0.49732258915901184 0.34023991227149963 0.03500881418585777 0.06559456884860992
21 0.47495728731155396 0.44960519671440125 0.14922741055488586 0.8829358816146851
14 0.4368390440940857 0.6602107286453247 0.04089374840259552 0.07534128427505493
20 0.45045989751815796 0.8374919891357422 0.07631263881921768 0.06754421442747116
0 0.49966567754745483 0.5728831887245178 0.03717365488409996 0.07113263010978699
5 0.4984132945537567 0.4934867024421692 0.03576965630054474 0.0716077983379364
16 0.43884843587875366 0.7401490807533264 0.04047355800867081 0.0706770122051239
6 0.49834758043289185 0.41592785716056824 0.03759479895234108 0.07200291752815247
10 0.4365244209766388 0.2546681761741638 0.03699455410242081 0.06100209429860115
17 0.5160561800003052 0.8175607919692993 0.03265419229865074 0.06119825318455696
3 0.43996912240982056 0.12882956862449646 0.035354044288396835 0.051638927310705185
