14 0.37116387486457825 0.7701639533042908 0.04226182401180267 0.07787305861711502
2 0.4491393268108368 0.27702099084854126 0.03712139278650284 0.06160899996757507
3 0.3939574360847473 0.18837979435920715 0.03646088019013405 0.059446461498737335
21 0.42481815814971924 0.5036188364028931 0.1560097485780716 0.9777273535728455
16 0.3738469183444977 0.8519755005836487 0.04237626492977142 0.07135484367609024
20 0.3892044126987457 0.9513077139854431 0.08125941455364227 0.06592825055122375
1 0.38737452030181885 0.2547532916069031 0.03765656426548958 0.060068920254707336
6 0.3721587657928467 0.49584338068962097 0.04261741787195206 0.0831088274717331
8 0.375840961933136 0.40630823373794556 0.040338773280382156 0.07488945871591568
9 0.44355201721191406 0.42583566904067993 0.03684215620160103 0.07319539040327072
17 0.4584410786628723 0.9337283372879028 0.03507576137781143 0.061634939163923264
6 0.37119683623313904 0.5858220458030701 0.043062973767519 0.08191674947738647
8 0.3724629878997803 0.49466606974601746 0.04235471412539482 0.08359623700380325
15 0.44227737188339233 0.8394814133644104 0.038544848561286926 0.0705295130610466
10 0.38141682744026184 0.32543253898620605 0.03773517906665802 0.06842026859521866
