1 0.38154399394989014 0.22737568616867065 0.03677110746502876 0.061844635754823685
3 0.38836029171943665 0.16391432285308838 0.036718498915433884 0.0565897598862648
21 0.41466328501701355 0.49726980924606323 0.16725359857082367 0.9659683704376221
14 0.36414507031440735 0.743902862071991 0.04389171674847603 0.0777808278799057
6 0.3625916540622711 0.5593919157981873 0.04436423256993294 0.08341742306947708
16 0.36744824051856995 0.8281899094581604 0.041358377784490585 0.07416246086359024
2 0.44379377365112305 0.24982231855392456 0.03708982840180397 0.06320369988679886
17 0.4527602791786194 0.9107917547225952 0.03499298170208931 0.06412455439567566
20 0.3828980326652527 0.9292846322059631 0.08225489407777786 0.0676642507314682
10 0.36992332339286804 0.37844401597976685 0.04005209729075432 0.07863938808441162
15 0.43601489067077637 0.8154898881912231 0.03907356411218643 0.07038777321577072
8 0.3662358522415161 0.46564966440200806 0.04308300092816353 0.08127152919769287
10 0.3751567006111145 0.2976389229297638 0.03803272545337677 0.06642642617225647
