8 0.435019314289093 0.32813698053359985 0.039465080946683884 0.0697840079665184
6 0.43396857380867004 0.41045480966567993 0.04044075310230255 0.07388339191675186
3 0.43983545899391174 0.12918081879615784 0.03695211559534073 0.05431576445698738
1 0.438432514667511 0.18911272287368774 0.03445911407470703 0.054241348057985306
12 0.4346478581428528 0.5770668983459473 0.04117279127240181 0.07617153227329254
9 0.49750015139579773 0.34086358547210693 0.03534736856818199 0.0647272989153862
20 0.45038503408432007 0.8375831246376038 0.07696107774972916 0.0676320418715477
16 0.43879276514053345 0.7399227619171143 0.04032716900110245 0.06920097768306732
21 0.4741480052471161 0.4496779143810272 0.14703954756259918 0.8814234733581543
4 0.4345819056034088 0.49159252643585205 0.04091186821460724 0.07341460883617401
14 0.4367673993110657 0.6606271266937256 0.0402652770280838 0.07578785717487335
10 0.4365832507610321 0.2549171447753906 0.03761482611298561 0.06235107034444809
0 0.4995232820510864 0.5736021995544434 0.036156464368104935 0.06933938711881638
2 0.4972940683364868 0.2060290277004242 0.033675193786621094 0.05554516986012459
6 0.4982917904853821 0.4162055552005768 0.0375276580452919 0.0724252462387085
