3 0.4074949026107788 0.11647046357393265 0.03570118173956871 0.057113271206617355
1 0.40291813015937805 0.1782967448234558 0.03659849241375923 0.05485822632908821
21 0.44237980246543884 0.47208377718925476 0.16293202340602875 0.9285917282104492
8 0.3935963809490204 0.32392454147338867 0.03699067607522011 0.0705973282456398
6 0.3901140093803406 0.4113624095916748 0.04411754757165909 0.0808294489979744
14 0.3890785872936249 0.6808278560638428 0.04425640404224396 0.07874484360218048
12 0.3875836133956909 0.5902422666549683 0.04239626228809357 0.07796104997396469
15 0.45800843834877014 0.7520696520805359 0.037519264966249466 0.07068227231502533
16 0.39093831181526184 0.7658312916755676 0.04214687645435333 0.07404649257659912
10 0.3977678418159485 0.24721939861774445 0.0387699156999588 0.06849424540996552
9 0.45963355898857117 0.3406789004802704 0.03617820888757706 0.06658878922462463
6 0.4583827257156372 0.42045170068740845 0.03884411230683327 0.0756869837641716
20 0.40555137395858765 0.8683683276176453 0.08099597692489624 0.07166826725006104
4 0.38787558674812317 0.49982553720474243 0.04257138818502426 0.07776183634996414
17 0.47424203157424927 0.8487836718559265 0.0343359000980854 0.06223279982805252
2 0.4633309543132782 0.19892136752605438 0.034748077392578125 0.060213807970285416
5 0.45694419741630554 0.50380939245224 0.037275124341249466 0.07364637404680252
