8 0.4352046251296997 0.3278507590293884 0.04007091745734215 0.06985253095626831
12 0.4344930946826935 0.577820360660553 0.04111004248261452 0.07521627843379974
6 0.434273362159729 0.4103543758392334 0.040535736829042435 0.07453376054763794
1 0.43866321444511414 0.18871010839939117 0.0344427116215229 0.054721660912036896
20 0.45088014006614685 0.8374057412147522 0.077008917927742 0.06729736179113388
21 0.4735966622829437 0.45175525546073914 0.14369161427021027 0.885559618473053
9 0.49715274572372437 0.3401651084423065 0.034974098205566406 0.0646725669503212
15 0.5021100044250488 0.7268400192260742 0.035637665539979935 0.06807149201631546
2 0.49717000126838684 0.20460379123687744 0.03410492092370987 0.05780605599284172
4 0.4349363446235657 0.49297812581062317 0.040383342653512955 0.07527482509613037
3 0.43968576192855835 0.12841098010540009 0.03514537960290909 0.052865803241729736
14 0.4367823004722595 0.6610769629478455 0.04043236002326012 0.07614949345588684
10 0.43639060854911804 0.25451719760894775 0.037461791187524796 0.06207461655139923
17 0.5163270235061646 0.8180265426635742 0.03276214748620987 0.05660875141620636
0 0.49978020787239075 0.5729253888130188 0.03843403235077858 0.0713144913315773
16 0.43901780247688293 0.7406421303749084 0.04028797522187233 0.07098716497421265
5 0.49847376346588135 0.494045227766037 0.03689155727624893 0.07230046391487122
