6 0.4341544508934021 0.4119282066822052 0.040497783571481705 0.0751148909330368
12 0.43488743901252747 0.5772717595100403 0.04110024869441986 0.07491997629404068
4 0.4346141219139099 0.49319180846214294 0.039757538586854935 0.07391054928302765
8 0.4359874427318573 0.32885852456092834 0.037343598902225494 0.07027118653059006
1 0.43882113695144653 0.18952986598014832 0.03389301523566246 0.05399343743920326
21 0.4742633104324341 0.450191468000412 0.14722983539104462 0.8833308219909668
20 0.4504503607749939 0.837641716003418 0.07659416645765305 0.06710001826286316
16 0.438787043094635 0.7398937344551086 0.04054022207856178 0.06930778920650482
14 0.43696194887161255 0.6604195833206177 0.041002847254276276 0.07551269233226776
3 0.4403284192085266 0.12995237112045288 0.035184480249881744 0.05367261916399002
2 0.4974386394023895 0.20585346221923828 0.033633042126894 0.05562934651970863
0 0.49970361590385437 0.5737981796264648 0.03711910545825958 0.07063078880310059
15 0.5019143223762512 0.7266611456871033 0.03657741844654083 0.06625095009803772
17 0.5160897374153137 0.8189181685447693 0.03298377990722656 0.06364034116268158
6 0.49843156337738037 0.41556286811828613 0.03838090971112251 0.07048164308071136
