3 0.3883480131626129 0.184541717171669 0.035983532667160034 0.05645552650094032
6 0.37029486894607544 0.4805719256401062 0.04056968912482262 0.07802242785692215
1 0.38199326395988464 0.24721723794937134 0.03512001037597656 0.058803558349609375
21 0.41926905512809753 0.49507802724838257 0.1518465131521225 0.9585246443748474
16 0.37455421686172485 0.827080249786377 0.04012365639209747 0.07191839814186096
14 0.3710154592990875 0.7461997270584106 0.04013831168413162 0.07709689438343048
9 0.43785327672958374 0.41111695766448975 0.03672498092055321 0.06752042472362518
20 0.3897882103919983 0.9251223802566528 0.07838544994592667 0.06502979248762131
5 0.4359254539012909 0.5710397362709045 0.03744888678193092 0.07177507877349854
8 0.3721561133861542 0.3952527344226837 0.033507633954286575 0.07440625876188278
10 0.3773200511932373 0.3181970417499542 0.03717108070850372 0.0663672536611557
6 0.43652331829071045 0.4908389449119568 0.03836250677704811 0.07407938688993454
17 0.4573255777359009 0.9059123396873474 0.035607531666755676 0.05960523709654808
4 0.3688371181488037 0.5679931640625 0.04015137627720833 0.07726304978132248
12 0.36906564235687256 0.6580810546875 0.03907184675335884 0.07816319912672043
0 0.4364887475967407 0.655634343624115 0.03831100836396217 0.07162611186504364
2 0.44299644231796265 0.2685442566871643 0.03452053293585777 0.05975516885519028
13 0.4381520450115204 0.7365203499794006 0.03912220150232315 0.07709643989801407
