6 0.4345570504665375 0.4103260338306427 0.04044409096240997 0.07541639357805252
8 0.4363861382007599 0.327078253030777 0.03644256666302681 0.06828104704618454
4 0.43546706438064575 0.49294623732566833 0.04050960764288902 0.07537567615509033
12 0.43582871556282043 0.5768120288848877 0.041047289967536926 0.07594039291143417
21 0.4753064811229706 0.44996947050094604 0.14811787009239197 0.8808149099349976
1 0.43926888704299927 0.18776461482048035 0.03418941795825958 0.055064983665943146
9 0.49747857451438904 0.3397919833660126 0.0351993590593338 0.06479082256555557
3 0.44044560194015503 0.12828733026981354 0.036620236933231354 0.052078671753406525
14 0.437320351600647 0.660154402256012 0.04126943275332451 0.07558745890855789
20 0.4512120485305786 0.8371813893318176 0.07595901936292648 0.0676625594496727
0 0.5008777976036072 0.572129487991333 0.036725617945194244 0.07080281525850296
16 0.43915578722953796 0.7396621704101562 0.040621187537908554 0.06977470964193344
15 0.5030158162117004 0.7259650230407715 0.03603411093354225 0.06882086396217346
2 0.49782460927963257 0.20443306863307953 0.03425464779138565 0.05853559449315071
5 0.49871742725372314 0.49270737171173096 0.03639749065041542 0.07347898185253143
17 0.516916036605835 0.8169298768043518 0.03304055705666542 0.06068843975663185
10 0.43678614497184753 0.2546243667602539 0.037163738161325455 0.061676617711782455
