6 0.38424035906791687 0.41561421751976013 0.04218025505542755 0.07982703298330307
3 0.40627968311309814 0.12167756259441376 0.035914551466703415 0.05567767471075058
8 0.3898766338825226 0.3290417790412903 0.03689546883106232 0.07232166081666946
4 0.38245689868927 0.5023819208145142 0.04152698814868927 0.07716183364391327
15 0.4492957592010498 0.7570895552635193 0.03861589729785919 0.07443169504404068
1 0.400523841381073 0.1845701038837433 0.03504371643066406 0.0597783662378788
14 0.38173848390579224 0.6832450032234192 0.03976459801197052 0.07816240936517715
2 0.4605071246623993 0.20678409934043884 0.035921860486269 0.05932633951306343
16 0.3827313184738159 0.7667449712753296 0.040415700525045395 0.0732252299785614
21 0.4304333031177521 0.4683041572570801 0.15608809888362885 0.9345550537109375
17 0.46478769183158875 0.8523968458175659 0.034248609095811844 0.0638563334941864
12 0.3811969459056854 0.5934994220733643 0.03965616598725319 0.08050265908241272
20 0.3951585292816162 0.8706451058387756 0.08244693279266357 0.06905382126569748
9 0.45481932163238525 0.3478907346725464 0.03730812296271324 0.06868639588356018
0 0.4492719769477844 0.595168948173523 0.04049701988697052 0.07505492866039276
10 0.3945634067058563 0.2518828809261322 0.038819316774606705 0.0664878860116005
5 0.44985634088516235 0.5099459886550903 0.038213733583688736 0.07606133073568344
