1 0.4030410945415497 0.17845523357391357 0.03569170832633972 0.05566444247961044
3 0.4076799750328064 0.11707771569490433 0.03454424813389778 0.05641694739460945
8 0.3935820460319519 0.32382217049598694 0.03695650398731232 0.07099077850580215
21 0.44395944476127625 0.4720684289932251 0.16484972834587097 0.9281219244003296
6 0.390181303024292 0.4109143614768982 0.04404135048389435 0.08148278295993805
14 0.3890184462070465 0.6808061599731445 0.043800514191389084 0.07833150029182434
12 0.38738158345222473 0.5917856097221375 0.04199053719639778 0.07981442660093307
16 0.3909371495246887 0.7657409310340881 0.04229488596320152 0.07451511174440384
4 0.3880176246166229 0.4997580051422119 0.04188156500458717 0.07774064689874649
20 0.40530818700790405 0.8682799935340881 0.08077695220708847 0.0715484619140625
9 0.4595811069011688 0.3403978645801544 0.03593864664435387 0.06647443026304245
10 0.3977442681789398 0.24688595533370972 0.03796348720788956 0.06863290071487427
15 0.45788854360580444 0.751987874507904 0.037992287427186966 0.07058478146791458
5 0.45728808641433716 0.5030351281166077 0.03769264370203018 0.07457933574914932
2 0.4632963538169861 0.19807693362236023 0.03404445946216583 0.05914777144789696
6 0.45834800601005554 0.42018577456474304 0.03805961832404137 0.07554598152637482
0 0.4560863673686981 0.5886452198028564 0.03791217878460884 0.07518976926803589
