1 0.45347073674201965 0.18298475444316864 0.03523438796401024 0.0570593923330307
6 0.44831353425979614 0.40984445810317993 0.041301921010017395 0.07664608210325241
3 0.45535463094711304 0.12237495183944702 0.0350736640393734 0.052495021373033524
21 0.49723532795906067 0.4574775695800781 0.17741280794143677 0.9004243612289429
14 0.44913455843925476 0.6670019030570984 0.04120388254523277 0.0778401643037796
12 0.44754329323768616 0.5811944007873535 0.04188080132007599 0.07544510066509247
15 0.514790415763855 0.7363938689231873 0.03685131296515465 0.07098354399204254
17 0.5285273194313049 0.830014705657959 0.03388424217700958 0.061902984976768494
20 0.4600997269153595 0.8498877286911011 0.08094565570354462 0.0698513463139534
4 0.44809144735336304 0.4933018982410431 0.04080543667078018 0.07382744550704956
8 0.4492461383342743 0.3254602551460266 0.03969834744930267 0.0702570304274559
16 0.45031702518463135 0.7479171752929688 0.042237285524606705 0.07114359736442566
10 0.4507162272930145 0.2508431077003479 0.03744106367230415 0.06462590396404266
18 0.44752904772758484 0.49632635712623596 0.03581715002655983 0.0706283301115036
0 0.514833927154541 0.5784198045730591 0.03624782711267471 0.07255847752094269
2 0.5129458904266357 0.2005603015422821 0.032934125512838364 0.05934719368815422
