6 0.4344880282878876 0.4102942645549774 0.04039764776825905 0.07486182451248169
8 0.43630117177963257 0.32701924443244934 0.03630809858441353 0.068122498691082
12 0.43582871556282043 0.5759587287902832 0.040931131690740585 0.07586952298879623
1 0.4394782483577728 0.1877022236585617 0.03388214111328125 0.055049557238817215
21 0.4750248193740845 0.4501818120479584 0.14783020317554474 0.8822782635688782
9 0.4977002441883087 0.3395330309867859 0.03517036512494087 0.06412068009376526
14 0.4372536838054657 0.6595419645309448 0.04060497507452965 0.0753561481833458
4 0.43529292941093445 0.49269968271255493 0.0402335487306118 0.07521305978298187
20 0.451267272233963 0.8371021151542664 0.07620391994714737 0.06749623268842697
2 0.4977230727672577 0.20428216457366943 0.03433399274945259 0.05937432125210762
5 0.49837762117385864 0.4924885928630829 0.035494614392519 0.07327795773744583
10 0.4367608428001404 0.2544190287590027 0.0370648093521595 0.06190483644604683
16 0.43912574648857117 0.7394249439239502 0.04027977213263512 0.06965263932943344
15 0.502903401851654 0.7258244752883911 0.03626308590173721 0.06894655525684357
17 0.5169024467468262 0.8166863322257996 0.032975517213344574 0.061466019600629807
0 0.5003749132156372 0.572081983089447 0.03696966543793678 0.07042767107486725
3 0.4406144618988037 0.12874044477939606 0.03597021475434303 0.05167040601372719
