15 0.511120617389679 0.738346517086029 0.03689899668097496 0.07072923332452774
14 0.44485482573509216 0.6694700717926025 0.03987265005707741 0.07716742157936096
1 0.4514368176460266 0.18506155908107758 0.03518657758831978 0.05502471700310707
3 0.4543928802013397 0.12367641180753708 0.03589306026697159 0.05442822724580765
6 0.4451933205127716 0.4105187952518463 0.04058552160859108 0.07737138122320175
21 0.49414026737213135 0.4564082622528076 0.17274042963981628 0.900303304195404
16 0.4460298717021942 0.7493111491203308 0.04070644453167915 0.07294853776693344
4 0.4447619616985321 0.4940793514251709 0.040388111025094986 0.07483774423599243
12 0.44405874609947205 0.5819669365882874 0.039994049817323685 0.07580380141735077
20 0.4560658633708954 0.851871907711029 0.08092308789491653 0.0695071741938591
10 0.44714269042015076 0.3255978226661682 0.03923197090625763 0.07032555341720581
1 0.5106039047241211 0.2683442234992981 0.03372917324304581 0.05998772382736206
2 0.5107534527778625 0.2040049135684967 0.0343196876347065 0.05898731201887131
17 0.5244122743606567 0.8311601281166077 0.03456662595272064 0.06220804899930954
13 0.5112809538841248 0.6608474254608154 0.038324423134326935 0.07466007024049759
8 0.4454478621482849 0.3260599672794342 0.03566780313849449 0.06912753731012344
5 0.5106378197669983 0.49826574325561523 0.036893464624881744 0.0695948526263237
0 0.5113976001739502 0.580220103263855 0.037976838648319244 0.07433386892080307
10 0.448982834815979 0.2508491575717926 0.036387063562870026 0.06514153629541397
