3 0.4077649712562561 0.11576171219348907 0.035626381635665894 0.058690767735242844
1 0.4029204547405243 0.17826588451862335 0.036370281130075455 0.05570678785443306
21 0.4433251917362213 0.4709124267101288 0.16517649590969086 0.9268115162849426
6 0.38996559381484985 0.41110530495643616 0.04410581663250923 0.08172556757926941
14 0.3888951539993286 0.681708812713623 0.043218422681093216 0.07777133584022522
6 0.4578787088394165 0.41999393701553345 0.038611795753240585 0.07558819651603699
8 0.3936880826950073 0.3234597146511078 0.036979421973228455 0.07161232084035873
15 0.45852014422416687 0.7523727416992188 0.03850174322724342 0.07218322902917862
16 0.3910139501094818 0.7660627365112305 0.04198271781206131 0.07384270429611206
12 0.3873799443244934 0.5908417701721191 0.04265257716178894 0.07930687814950943
20 0.40532606840133667 0.868285596370697 0.08118648827075958 0.07143113762140274
4 0.38800790905952454 0.49997472763061523 0.04195919260382652 0.07817009836435318
2 0.46357062458992004 0.19838044047355652 0.03520774841308594 0.05892994999885559
9 0.45926496386528015 0.3404102623462677 0.035802844911813736 0.06608044356107712
10 0.3936856687068939 0.3233757019042969 0.03961067274212837 0.07271864265203476
10 0.3975291848182678 0.24710026383399963 0.03818865120410919 0.06754908710718155
17 0.4738444685935974 0.848638117313385 0.03422718122601509 0.06203358992934227
