6 0.43412545323371887 0.4104008078575134 0.03966172784566879 0.07404208928346634
4 0.4351297616958618 0.4925907850265503 0.04024677351117134 0.07480259239673615
12 0.43489429354667664 0.5770065188407898 0.04113293066620827 0.07514297962188721
15 0.5019651651382446 0.7259310483932495 0.037008415907621384 0.06774122267961502
8 0.4361302852630615 0.32837721705436707 0.03719835355877876 0.0704258382320404
21 0.47412511706352234 0.44829899072647095 0.14691276848316193 0.8805728554725647
1 0.43864986300468445 0.1888626515865326 0.03386211395263672 0.054817114025354385
9 0.49738937616348267 0.339842289686203 0.03506879881024361 0.06560804694890976
20 0.4506611227989197 0.8372020721435547 0.07640133053064346 0.0677456334233284
2 0.49720996618270874 0.20532065629959106 0.034350842237472534 0.057822924107313156
0 0.49985212087631226 0.5727453231811523 0.037121012806892395 0.07045016437768936
16 0.438972145318985 0.7398577332496643 0.04032955318689346 0.07041507214307785
14 0.4371111989021301 0.6604043841362 0.04086895287036896 0.07530461251735687
17 0.5160077810287476 0.8179477453231812 0.03262539207935333 0.0605417862534523
10 0.4366169273853302 0.25437068939208984 0.036743927747011185 0.061056263744831085
3 0.44006961584091187 0.12926124036312103 0.035023756325244904 0.05165435001254082
6 0.49831250309944153 0.4158819019794464 0.03781471401453018 0.07197578996419907
