3 0.40751123428344727 0.11642729490995407 0.035477545112371445 0.05759035795927048
1 0.4031279981136322 0.1783866584300995 0.035443276166915894 0.05521244555711746
12 0.38748443126678467 0.5917155742645264 0.04259033501148224 0.08005071431398392
21 0.44175484776496887 0.470900297164917 0.16192011535167694 0.9246910810470581
16 0.39131903648376465 0.7654440999031067 0.0416114516556263 0.07315470278263092
14 0.3889332115650177 0.6812374591827393 0.04337333142757416 0.07879700511693954
8 0.39371079206466675 0.32285648584365845 0.036974433809518814 0.0717192143201828
6 0.3895212709903717 0.4104941487312317 0.043126869946718216 0.08107774704694748
20 0.4055819809436798 0.8684007525444031 0.08139953762292862 0.07120327651500702
4 0.3877542018890381 0.5000819563865662 0.04269193112850189 0.07810380309820175
15 0.4579736888408661 0.752009391784668 0.037966664880514145 0.07133924216032028
6 0.45800507068634033 0.4200954735279083 0.03898201137781143 0.07616712898015976
9 0.4596172571182251 0.34039729833602905 0.03601379692554474 0.06673264503479004
10 0.3933020532131195 0.32312849164009094 0.039304640144109726 0.07211269438266754
10 0.39743494987487793 0.24700197577476501 0.03804626688361168 0.06651899218559265
2 0.4631096124649048 0.1984502077102661 0.03404827415943146 0.059287767857313156
13 0.4575555920600891 0.6726284027099609 0.037560272961854935 0.07566539198160172
5 0.4568483531475067 0.5036438703536987 0.03770008310675621 0.07383841276168823
