6 0.3706362545490265 0.5000675916671753 0.04166679456830025 0.08166778087615967
3 0.3923697769641876 0.19335943460464478 0.03590240702033043 0.05788476765155792
16 0.37186872959136963 0.8562209606170654 0.04217205196619034 0.07203318178653717
1 0.3859592378139496 0.2573029100894928 0.03723011165857315 0.060834091156721115
2 0.44722673296928406 0.2822328507900238 0.03631763532757759 0.06304066628217697
21 0.4220244586467743 0.5069137215614319 0.1610298901796341 0.9834611415863037
9 0.44124096632003784 0.42950260639190674 0.036107733845710754 0.06882595270872116
8 0.3736666142940521 0.41206231713294983 0.04042835533618927 0.07574327290058136
14 0.3690246343612671 0.7736039161682129 0.04124794155359268 0.07912766933441162
20 0.38603582978248596 0.9572640657424927 0.08094311505556107 0.06555300205945969
0 0.43721869587898254 0.6824682354927063 0.041208840906620026 0.07340393215417862
4 0.3686732053756714 0.591143786907196 0.04104623943567276 0.08193115890026093
10 0.3800709545612335 0.32940176129341125 0.03777920454740524 0.07034790515899658
15 0.43977710604667664 0.8453317880630493 0.03915475308895111 0.07122599333524704
