3 0.4071139097213745 0.11657978594303131 0.03672641143202782 0.057212553918361664
1 0.40292850136756897 0.17804916203022003 0.036737728863954544 0.054913584142923355
14 0.38884297013282776 0.6809552311897278 0.043477125465869904 0.07754669338464737
21 0.44232872128486633 0.47234466671943665 0.1622777134180069 0.9293051958084106
12 0.3873402774333954 0.5918749570846558 0.04219583049416542 0.07936214655637741
16 0.39115384221076965 0.7656957507133484 0.04198869317770004 0.07421281188726425
9 0.45965778827667236 0.3404488265514374 0.036164477467536926 0.06683318316936493
6 0.3895280659198761 0.410843163728714 0.04339517280459404 0.08086030930280685
8 0.3937942087650299 0.3230728805065155 0.037142183631658554 0.07228568941354752
6 0.4582329988479614 0.42064809799194336 0.03809070959687233 0.07603505253791809
20 0.4054413139820099 0.8679831624031067 0.0810110792517662 0.0715416818857193
15 0.4580678343772888 0.7518978118896484 0.03791694715619087 0.0707753449678421
4 0.38780176639556885 0.49978920817375183 0.04257873073220253 0.07685393840074539
10 0.3975369930267334 0.24680709838867188 0.038417913019657135 0.06700005382299423
2 0.4633485972881317 0.19858317077159882 0.03533744812011719 0.05942925065755844
10 0.3933884799480438 0.32334381341934204 0.03962211683392525 0.07301867008209229
17 0.47415563464164734 0.8485842943191528 0.03399264067411423 0.06244438886642456
