3 0.4076930284500122 0.11721709370613098 0.03537292778491974 0.05574830248951912
1 0.4027799963951111 0.17799732089042664 0.036451470106840134 0.055096689611673355
6 0.4580453038215637 0.42070242762565613 0.03890514746308327 0.07678120583295822
21 0.44238731265068054 0.47168925404548645 0.16235925257205963 0.928859293460846
12 0.3872890770435333 0.5901443958282471 0.04246304929256439 0.07852178066968918
6 0.389689564704895 0.41082772612571716 0.043051086366176605 0.0815192312002182
15 0.4585418105125427 0.7522237300872803 0.03830337896943092 0.07190868258476257
8 0.39374831318855286 0.32294803857803345 0.03706840053200722 0.0712667927145958
16 0.391053169965744 0.7653411626815796 0.04228201135993004 0.07420959323644638
14 0.38896217942237854 0.6812911033630371 0.04365196451544762 0.07795359194278717
20 0.40467703342437744 0.8690597414970398 0.08087139576673508 0.07134433090686798
9 0.45972388982772827 0.34046199917793274 0.0359622985124588 0.06677644699811935
4 0.3876871168613434 0.4999516010284424 0.042585376650094986 0.07880116254091263
17 0.4740653336048126 0.8489552736282349 0.03470173105597496 0.063323974609375
0 0.45617181062698364 0.588573694229126 0.037805814296007156 0.07487419992685318
2 0.4633285701274872 0.1985124796628952 0.034754373133182526 0.05897552892565727
