20 0.46965064239981996 0.84140625 0.08232899184499769 0.071875
17 0.5356760048281889 0.821875 0.033370003019917056 0.0625
16 0.4561728033788739 0.74375 0.0450993929322905 0.0703125
15 0.5164451020802482 0.72890625 0.039305736031044196 0.071875
14 0.4481913781300986 0.66640625 0.044017788583119395 0.0765625
13 0.5143182234940966 0.6546875 0.0382241316818731 0.078125
12 0.4435866937451544 0.58046875 0.04756705043752004 0.08125
0 0.5115592080912933 0.5765625 0.04267232860131254 0.0625
4 0.44074649199384774 0.49609375 0.04756705043752004 0.08125
5 0.5058729193571782 0.496875 0.039305736031044196 0.071875
6 0.43617225248959235 0.4125 0.048608061612439545 0.071875
7 0.5013494213207372 0.4171875 0.04048882331584441 0.0734375
8 0.4345557311973376 0.3328125 0.04283470129831918 0.075
9 0.4991819495603341 0.33984375 0.03810235215911805 0.06875
18 0.49741746692669664 0.33828125 0.028617357293590266 0.0546875
10 0.43359164330886046 0.25859375 0.03808205557199239 0.0671875
11 0.49419883569781103 0.26953125 0.03924484626966681 0.0671875
1 0.43389182905368695 0.1921875 0.03675689217731106 0.0546875
2 0.49336667562565195 0.20546875 0.037960276049237344 0.0578125
3 0.431937471458105 0.13125 0.03441101419483656 0.053125
21 0.4797739610366321 0.45703125 0.17662444397011554 0.8859375
19 0.6237436490445571 0.7984375 0.09060471760709772 0.171875