21 0.48448213328795137 0.44921875 0.20646829553088802 0.88125
20 0.4357980784273358 0.834375 0.0796651004100462 0.06875
17 0.5004479696534837 0.82109375 0.038913304812515544 0.0625
16 0.4255972102201472 0.73671875 0.04255051014758523 0.0796875
15 0.49020651056210063 0.728125 0.04130653768152194 0.0703125
14 0.4268821808950221 0.65546875 0.044876091542934066 0.0796875
13 0.4920322857016182 0.6515625 0.041387719449910806 0.0796875
12 0.4264364958181169 0.57265625 0.04368624025579678 0.0765625
0 0.49214770053145296 0.57109375 0.04017080757331039 0.0734375
4 0.42948594798160056 0.4890625 0.043645649371602216 0.071875
5 0.49226988050865345 0.48984375 0.042482858673927794 0.071875
6 0.43310326519919007 0.40703125 0.04368624025579665 0.0765625
7 0.4964280021908856 0.4125 0.04245579808446479 0.06875
8 0.436707052122048 0.3265625 0.04480844006927663 0.071875
9 0.4987742863529488 0.34296875 0.04363211907687078 0.0703125
18 0.4982199515935746 0.33984375 0.028367006765056907 0.053125
10 0.4414195085636544 0.25234375 0.03892683510724711 0.0640625
18 0.43791084102853395 0.2546875 0.02482451349310765 0.046875
19 0.5174609339333625 0.19921875 0.10562534401136527 0.1125
1 0.4437319669888888 0.18671875 0.03654713253297227 0.0578125
3 0.44774125542907456 0.1265625 0.037696392935915125 0.05625