21 0.49031700705889497 0.44188104696452435 0.2026526232713708 0.8837620939290487
20 0.44663572223145365 0.8274479119191855 0.07936742385079311 0.06998633068109009
17 0.5111131041461129 0.8131575979074134 0.03864268975864915 0.06309998400699968
16 0.43516640320449473 0.7299643845878673 0.042205475953905565 0.08034202800763594
15 0.4996640798743084 0.7203615705760951 0.041002095745922056 0.07094884667409058
14 0.4353960227973207 0.6487052939210946 0.0445310573492544 0.08037839067472703
13 0.5004953895711259 0.6437808892425496 0.04104268525623115 0.08032384667409058
12 0.43387469142525015 0.56591097525464 0.043354736814810196 0.07723520934118148
0 0.49956560092547003 0.5633212299093223 0.039852834885017424 0.07405566534054522
4 0.4358383496870105 0.4822808625875491 0.04333444205965578 0.07254770934118149
5 0.49863242982062156 0.4820803205760951 0.042171651361981234 0.07252952800763594
6 0.43839016821599286 0.40020415925368547 0.043354736814810196 0.07723520934118148
7 0.5017859384535955 0.40468202657545876 0.042158121525211714 0.06940452800763594
8 0.44094875166336006 0.31968995591982186 0.0444972327573302 0.07256589067472685
9 0.5032290856319822 0.33512350457514056 0.04332767714127089 0.0709852093411815
18 0.5026341604463753 0.3320075952419133 0.02813698396927029 0.05356135200509069
10 0.44469718548194104 0.2454075712524128 0.03864945467703391 0.06466248400699967
18 0.4412189607664951 0.24780586525304918 0.024621552202707727 0.04725680800445442
19 0.5200485736056939 0.19110078457195892 0.1051382369144056 0.11413632001909005
1 0.44615724495628967 0.17975529925209463 0.03629681360814577 0.05837612133990877
3 0.449385167691497 0.11954450525145832 0.037452839387435426 0.056831802673454224