21 0.4872093023255814 0.45 0.17616279069767443 0.87421875
20 0.4517441860465116 0.83671875 0.07790697674418605 0.06484375
17 0.5156976744186047 0.8203125 0.03662790697674419 0.0609375
16 0.4383720930232558 0.73984375 0.03953488372093023 0.078125
15 0.5023255813953489 0.728125 0.038953488372093024 0.06875
14 0.4366279069767442 0.65859375 0.04244186046511628 0.078125
13 0.5017441860465116 0.6515625 0.038953488372093024 0.07734375
12 0.4331395348837209 0.57578125 0.040697674418604654 0.075
0 0.49883720930232556 0.57109375 0.037209302325581395 0.071875
4 0.43372093023255814 0.4921875 0.040697674418604654 0.0703125
5 0.4965116279069767 0.48984375 0.04011627906976744 0.06953125
6 0.43430232558139537 0.41015625 0.04127906976744186 0.07421875
7 0.49767441860465117 0.4125 0.04011627906976744 0.06640625
8 0.43488372093023253 0.3296875 0.04244186046511628 0.06953125
9 0.49767441860465117 0.34296875 0.040697674418604654 0.06875
18 0.49709302325581395 0.33984375 0.02616279069767442 0.0515625
10 0.4372093023255814 0.25546875 0.037209302325581395 0.0625
18 0.43372093023255814 0.2578125 0.022674418604651164 0.0453125
19 0.5116279069767442 0.1984375 0.10174418604651163 0.1078125
1 0.4372093023255814 0.18984375 0.03488372093023256 0.05625
3 0.438953488372093 0.12890625 0.03604651162790698 0.0546875