21 0.4298018229253231 0.5158543101235769 0.15520821189180387 0.9391027868534725
20 0.3988987626011732 0.9383826203440631 0.07702154770028972 0.0664627610179167
17 0.4658573190340323 0.9178175068369449 0.03634416803683962 0.06987739532659702
16 0.38594609451777695 0.8410893930454865 0.044537822267639166 0.08263196846486096
15 0.44997737945129557 0.8251208605604171 0.04334797189642544 0.07634560087368066
14 0.3833942759887946 0.7589672240675351 0.03987312964017183 0.07936149810013901
13 0.4514648862314419 0.7501572281515977 0.03868327926895811 0.07307513050895835
12 0.38320186344708523 0.6691052902719449 0.04336826665157999 0.08103310087368065
0 0.4500555636449794 0.6727589267648268 0.04217841628036626 0.07474673328249999
4 0.38590289781279224 0.582459275454306 0.045693848046928824 0.08110583605604163
5 0.44926146099927833 0.5875663091736463 0.04452429243086951 0.07950696846486113
6 0.3862749683239579 0.496521775454306 0.04223930054582963 0.08880923328249998
7 0.452547273173015 0.5001572281515978 0.039839305048247634 0.07154899810013901
8 0.39013541092814696 0.4106933782278476 0.04101562558269184 0.0747103656913195
9 0.4551908057324509 0.42679246333395887 0.04215135660682682 0.06849673328249999
10 0.39396879385879663 0.33111498100138936 0.042171651361981234 0.07318423328249998
11 0.4578343382918868 0.35342769851631994 0.039825775211478114 0.06842399810013892
1 0.3995091557848414 0.2601848851617018 0.039805480456323566 0.06373649810013901
2 0.4593015503168787 0.2831515661075005 0.03981224537470833 0.06529899810013902
3 0.4044275328517399 0.19861160552642407 0.03747989906097473 0.06366376291777778
18 0.39013202846895456 0.41147462822784764 0.030496389956543326 0.06188305737069442
18 0.45518742327325856 0.4275737133339589 0.03047609520138891 0.057195557370694414