20 0.45 0.8390625 0.08023255813953488 0.06875
17 0.516860465116279 0.82265625 0.030813953488372094 0.0609375
16 0.44011627906976747 0.74140625 0.04186046511627907 0.06875
15 0.5011627906976744 0.72890625 0.03662790697674419 0.06953125
14 0.43546511627906975 0.66328125 0.04127906976744186 0.075
13 0.5017441860465116 0.6546875 0.03488372093023256 0.07578125
12 0.43372093023255814 0.57734375 0.044186046511627906 0.07890625
0 0.5023255813953489 0.5765625 0.040697674418604654 0.0609375
4 0.43430232558139537 0.49296875 0.044186046511627906 0.07890625
5 0.4994186046511628 0.496875 0.03604651162790698 0.06953125
6 0.4331395348837209 0.409375 0.04534883720930233 0.0703125
7 0.4982558139534884 0.4171875 0.037209302325581395 0.07109375
8 0.43488372093023253 0.3296875 0.03953488372093023 0.07265625
9 0.49883720930232556 0.33984375 0.035465116279069765 0.06640625
18 0.49709302325581395 0.33828125 0.026744186046511628 0.053125
10 0.4366279069767442 0.25546875 0.03604651162790698 0.065625
11 0.4965116279069767 0.26953125 0.03662790697674419 0.06484375
1 0.43953488372093025 0.1890625 0.03430232558139535 0.053125
2 0.4982558139534884 0.20546875 0.035465116279069765 0.05546875
3 0.44011627906976747 0.128125 0.03255813953488372 0.05234375
21 0.475 0.45546875 0.14186046511627906 0.8796875
19 0.6058139534883721 0.80390625 0.08372093023255814 0.16796875