21 0.42543109483796493 0.49715188458786724 0.1516316496479275 0.9334317600254535
20 0.39666475747981245 0.9217342612587762 0.0775560495315451 0.06369996801399935
17 0.46325842434770476 0.8964791752466859 0.035776770763769214 0.06929544000636341
16 0.38280686681184684 0.825095618594867 0.0452414690421712 0.08194089067472703
15 0.4470140625230128 0.8045643952498676 0.04281440471119325 0.07409202800763595
14 0.3803840655429298 0.7431189125955033 0.04052941649009614 0.07718066534054521
13 0.4479882987050528 0.7295643952498676 0.038122648746243985 0.07089430267345413
12 0.3798069332561537 0.6533024345958214 0.042875294472570775 0.07877952800763595
0 0.4466673983724328 0.6522570079169584 0.04163131742639303 0.07251134667409058
4 0.38209618453931193 0.5665655032622761 0.04520087586791961 0.07881589067472702
5 0.4454479809754419 0.5671371205840492 0.04520087586791961 0.07881589067472702
6 0.38204970613355843 0.4806461845958214 0.04297677740819989 0.08659202800763595
7 0.44832877590100034 0.47960984858373107 0.03926514285679247 0.06934998400699968
8 0.3854915998208281 0.3946723219287306 0.04046852672871862 0.07249316534054513
9 0.4504455061935889 0.4061541672501857 0.042712921775564135 0.06627952800763595
10 0.3888523071595945 0.31494845926163967 0.042794108124067455 0.07252952800763604
11 0.4525622364861775 0.3326984859166402 0.0403873403802153 0.06624316534054513
1 0.3938455693156805 0.2437910745942306 0.04032645061883777 0.06155566534054513
2 0.4540569782556773 0.26237689524986746 0.0403467472059637 0.06311816534054512
3 0.39871705194901136 0.18200868992682157 0.03683807852581452 0.061501121339908815
18 0.3854814515272652 0.39545357192873054 0.03100382845031663 0.0598477146721816
18 0.4504353579000259 0.4069354172501856 0.030963235276064902 0.056722714672181596