21 0.49131053337131003 0.4613867025117669 0.16387433946994867 0.8926353336024946
20 0.4767187212279327 0.8593605523496113 0.07873913681634519 0.0658898271096728
17 0.5450899616387763 0.8430009411476813 0.0346139800660948 0.06954093262955965
16 0.46322058561986085 0.7598554301906326 0.04161102083926724 0.07126707386326192
15 0.5275930966437845 0.7488691116023765 0.03810235215911805 0.06962275324641105
14 0.46041082874924294 0.677783269882207 0.04520087586791961 0.07916139448011279
13 0.5260273168193442 0.6730742248329012 0.0382241316818731 0.07899775324641087
12 0.45639768800669894 0.5925588360348313 0.0428955910596967 0.08066934740221221
0 0.5231769667744747 0.5878770645244759 0.04171250377489635 0.07907957386326174
18 0.522636164599889 0.5909884277550006 0.03214632256086525 0.05854888555165925
4 0.45353718966826634 0.5065804257264057 0.04167191060064476 0.07595457386326192
18 0.45352704137470345 0.5057991757264058 0.033329409845665466 0.06013865909060954
5 0.5198365560228341 0.5096975174465751 0.039305736031044196 0.07277502678536116
6 0.45128853155935983 0.4229594021874554 0.04528206221642293 0.08541139448011278
7 0.5181794415563276 0.42687138067709995 0.036939561461443636 0.06959547970746058
18 0.5170166508586531 0.4268441071381496 0.027434270008790052 0.05375229139585791
19 0.609661477195028 0.44463735348470157 0.09625629839846317 0.16158415665497755
8 0.45016207097387595 0.33624065218745536 0.0403467472059637 0.06342730032431154
9 0.5154305744470872 0.3494867203686744 0.03683807852581452 0.061782979707460585
10 0.45092187254478466 0.26050031249588085 0.03685837511294045 0.06334547970746059
11 0.5115493615208612 0.2744185365212986 0.03443131078196236 0.05547843262955983
1 0.4494778722430995 0.19408042572640571 0.036777188764436995 0.05709547970746058
2 0.5124918323759023 0.21274069682972407 0.03561439806676257 0.0570682061685102
3 0.45278651766774114 0.1355821331127319 0.042631735427060814 0.06035684740221221