0 0.549852 0.837775 0.315180 0.088065
1 0.798082 0.829085 0.135960 0.086906
2 0.506592 0.726535 0.257500 0.088065
3 0.776452 0.723059 0.212180 0.088065
4 0.517922 0.633835 0.230720 0.083430
5 0.773362 0.629200 0.197760 0.083430
6 0.526162 0.538818 0.214240 0.085747
7 0.752762 0.537080 0.160680 0.079954
8 0.524102 0.443801 0.152440 0.081112
9 0.754822 0.449594 0.144200 0.081112
10 0.522042 0.355156 0.140080 0.075319
11 0.753792 0.363268 0.166860 0.075319
12 0.517922 0.273465 0.185400 0.071842
13 0.750702 0.286211 0.197760 0.069525
14 0.516892 0.202781 0.199820 0.062572
15 0.741432 0.217845 0.187460 0.057937
16 0.522042 0.138470 0.206000 0.059096
17 0.738342 0.154114 0.181280 0.055620
21 0.525132 0.082851 0.195700 0.045191
21 0.629162 0.451912 0.585039 0.903824