0 0.520788 0.825746 0.201509 0.057937
1 0.772407 0.808875 0.067170 0.040215
2 0.490402 0.711561 0.087427 0.041893
3 0.728161 0.701101 0.081030 0.041421
4 0.489869 0.619621 0.094890 0.047503
5 0.726028 0.612674 0.081030 0.041788
6 0.486813 0.521437 0.097597 0.046350
7 0.723137 0.519208 0.085049 0.043676
8 0.480539 0.425617 0.093414 0.049024
9 0.716166 0.429183 0.076683 0.047241
10 0.478448 0.336483 0.092020 0.043676
11 0.706406 0.345842 0.085049 0.048133
12 0.477053 0.258044 0.092020 0.049024
13 0.693161 0.267849 0.078077 0.045459
14 0.473568 0.187628 0.085049 0.041893
15 0.683401 0.199216 0.078077 0.038328
16 0.472174 0.124788 0.079472 0.035654
17 0.669459 0.136376 0.083654 0.039219
18 0.468688 0.069079 0.072500 0.036545
19 0.595519 0.451912 0.507503 0.882966