0 0.493112 0.811124 0.280939 0.074160
1 0.739614 0.790846 0.096063 0.059096
2 0.445987 0.506373 0.128688 0.074160
3 0.687051 0.594438 0.110563 0.071842
4 0.454143 0.600811 0.126876 0.070684
5 0.690676 0.681344 0.099688 0.067207
6 0.458675 0.695829 0.121438 0.073001
7 0.682520 0.503476 0.116001 0.070684
8 0.442362 0.411356 0.128688 0.069525
9 0.673457 0.413673 0.119626 0.069525
10 0.436925 0.323870 0.128688 0.068366
11 0.666207 0.328505 0.112376 0.066049
12 0.436018 0.243337 0.116001 0.062572
13 0.651707 0.252607 0.108751 0.062572
14 0.432393 0.173233 0.108751 0.054461
15 0.639020 0.184241 0.101501 0.053302
16 0.430581 0.114716 0.105126 0.041715
17 0.626332 0.122827 0.097876 0.046350
18 0.424237 0.058517 0.110563 0.040556
21 0.610926 0.442063 0.621691 0.842410