0 0.528456 0.827346 0.308127 0.090382
1 0.772239 0.812283 0.125063 0.083430
2 0.490394 0.712630 0.224751 0.081112
3 0.722395 0.702202 0.199376 0.081112
4 0.485862 0.618772 0.233814 0.085747
5 0.726020 0.613557 0.203001 0.082271
6 0.476800 0.522016 0.222939 0.086906
7 0.714239 0.520278 0.212064 0.083430
8 0.474987 0.432213 0.226564 0.074160
9 0.715145 0.432793 0.210251 0.077636
10 0.474081 0.343569 0.232001 0.082271
11 0.711520 0.348783 0.217501 0.074160
12 0.472269 0.261298 0.239252 0.070684
13 0.712426 0.269988 0.215689 0.064890
14 0.469550 0.188876 0.237439 0.057937
15 0.706989 0.201622 0.208439 0.057937
16 0.472269 0.125724 0.232001 0.054461
17 0.706083 0.138470 0.206626 0.056779
18 0.469550 0.070684 0.230189 0.046350
21 0.609113 0.451912 0.628942 0.899189